#define __ADVANCED_ALIGNED_LIB
#define __REGRESSION_TEST

#include <CVector.h>
#include <Vecasm.h>
#include <Vecstd.h>

/* -----------------------------------------------------------
 * Error message list
 * ----------------------------------------------------------- */

char* ErrMsg[] = {
  "subtract error\0" ,
  "sum error\0" ,
  "product error\0" ,
  "division error\0",
  "sum/float error\0",
  "sub/float error\0",
  "mul/float error\0",
  "div/float error\0",
  "dot error\0",
  "lerp error\0",
  "sqr error\0",
  "normalize error\0",
  "cross error\0",
  "length error\0",
  "negation error\0",
  "transpose error\0",
  "function error\0",
};

/* -----------------------------------------------------------
 * Error message pointer list
 * ----------------------------------------------------------- */

#define SUB_ERROR        0
#define SUM_ERROR        1
#define MUL_ERROR        2
#define DIV_ERROR        3
#define SUM_FLOAT_ERROR  4
#define SUB_FLOAT_ERROR  5
#define MUL_FLOAT_ERROR  6
#define DIV_FLOAT_ERROR  7
#define DOT_ERROR        8
#define LERP_ERROR       9
#define SQR_ERROR       10
#define NRM_ERROR       11
#define CRS_ERROR       12
#define LTH_ERROR       13
#define NEG_ERROR       14
#define TRANS_ERROR     15
#define FCN_ERROR       16

/* -----------------------------------------------------------
 * Regression test convenience macro
 * ----------------------------------------------------------- */

#define TestResult(op,res,expct,lgth,hdr,msg)	\
  op; \
  if ( memcmp((void*)&res,(void*)&expct,lgth) )	\
    fprintf(stderr,"op :"#hdr": "#op" FAILED: %s\n",ErrMsg[msg]); \
  else \
    fprintf(stdout,"op :"#hdr": "#op": OK\n");

/* -----------------------------------------------------------
 * Floating point test result list
 * ----------------------------------------------------------- */

float FloatList[] = {
  1.5,
  4.0,
  11.0,
  2.2360680103302002,
  10.0,
  36.0,
  78.0,
  105.0,
  21.0,
  122.0,
  2.2360680103302002,
  5.0,
  7.8102498054504395,
  9.2195444107055664,
  3.6055512428283691,
  10.0,
  14.0, 77.0, 194.0, 149.0, 50.0, 693.0, // 16
  3.7416574954986572,                    // 22
  8.7749643325805664,
  13.928388595581055,
  12.206555366516113,
  7.0710678100585937,
  26.324893951416016,
  30.0,174.0,446.0,966.0,230.0,126.0,   // 28
  5.4772257804870605,                   // 34
  13.190905570983887,
  21.118711471557617,
  31.080539703369141,
  15.165750503540039,
  11.224971771240234,
};

vec2 v2Results[] = {
  { 1.0f, 2.0f }, { 3.0f, 4.0f }, { 5.0f, 6.0f }, // 0-2
  { 6.0f, 7.0f }, { 2.0f, 3.0f }, { 6.0f, 8.0f }, // 3-5
  {-1.0f,-2.0f }, { 4.0f, 6.0f }, { 2.0f, 2.0f }, // 6-8
  { 3.0f, 8.0f }, { 1.0f, 1.0f }, { 1.0f, 4.0f }, // 9-11
  { 0.6f, 0.8f }, { 5.0f,11.0f }, // 12-13

  { 2.0f, 4.0f }, { 4.0f, 6.0f }, { 6.0f, 8.0f }, // 14-16
  { 7.0f, 9.0f }, { 3.0f, 5.0f }, { 7.0f,10.0f }, // 17-19,

  { 2.0f, 4.0f }, { 6.0f, 8.0f }, {10.0f,12.0f }, // 20-22
  {12.0f,14.0f }, { 4.0f, 6.0f }, {12.0f,16.0f }, // 23-25

  { 1.0f, 4.0f }, { 3.0f, 8.0f }, { 5.0f,12.0f }, // 26-28
  { 6.0f,15.0f }, { 2.0f, 6.0f }, { 6.0f,16.0f }, // 29-31

  { 1.5f, 3.0f }, { 3.5f, 5.0f }, { 5.5f, 7.0f }, // 32-34
  { 6.5f, 8.0f }, { 2.5f, 4.0f }, { 6.5f, 9.0f }, // 35-37

  { 1.0f, 4.0f }, { 9.0f,16.0f }, {25.0f,36.0f }, // 38-40
  {36.0f,49.0f }, { 4.0f, 9.0f }, {36.0f,64.0f }, // 41-43

  { 0.44721359014511108, 0.89442718029022217 },   // 44
  { 0.6000000238418579,  0.80000001192092896 },   // 45
  { 0.64018440246582031, 0.76822125911712646 },   // 46
  { 0.65079134702682495, 0.75925660133361816 },   // 47
  { 0.55470019578933716, 0.83205032348632813 },   // 48
  { 0.60000002384185791, 0.80000001192092896 },   // 49

  {  2.0,  4.0 }, {  6.0,  8.0 }, { 10.0, 12.0 }, // 50-52
  { 12.0, 14.0 }, {  4.0,  6.0 }, { 12.0, 16.0 }, // 53-55

  {  0.0,  0.0 }, {  0.0,  0.0 }, {  0.0,  0.0 }, // 56-58 
  {  0.0,  0.0 }, {  0.0,  0.0 }, {  0.0,  0.0 }, // 59-61

  {  1.0,  4.0 }, {  9.0, 16.0 }, { 25.0, 36.0 }, // 62-64
  { 36.0, 49.0 }, {  4.0,  9.0 }, { 36.0, 64.0 }, // 65-67

  {  1.0,  1.0 }, {  1.0,  1.0 }, {  1.0,  1.0 }, // 68-70
  {  1.0,  1.0 }, {  1.0,  1.0 }, {  1.0,  1.0 }, // 71-73

  {  2.0,  3.0 }, {  4.0,  5.0 }, {  6.0,  7.0 }, // 74-76
  {  7.0,  8.0 }, {  3.0,  4.0 }, {  7.0,  9.0 }, // 77-79

  {  0.0,  1.0 }, {  2.0,  3.0 }, {  4.0,  5.0 }, // 80-82
  {  5.0,  6.0 }, {  1.0,  2.0 }, {  5.0,  7.0 }, // 83-85

  {  2.0,  4.0 }, {  4.0,  6.0 }, {  6.0, 8.0 }, // 86-88
  {  7.0,  9.0 }, {  3.0,  5.0 }, {  7.0,10.0 }, // 80-91

  { -1.0f,-2.0f }, {-3.0f,-4.0f}, {-5.0f,-6.0f}, // 92-94
  { -6.0f,-7.0f }, {-2.0f,-3.0f}, {-6.0f,-8.0f}, // 95-97

  {   0.0,  0.0 }, { 2.0,  2.0 }, {  4.0,  4.0 }, // 98-100
  {   5.0,  5.0 }, { 1.0,  1.0 }, {  5.0,  6.0 }, // 101-103

  {   1.0,  4.0 }, { 3.0,  8.0 }, {  5.0, 12.0 }, // 104-106
  {   6.0, 14.0 }, { 2.0,  6.0 }, {  6.0, 16.0 }, // 107-109

  {   1.0,  1.0 }, { 3.0,  2.0 }, {  5.0,  3.0 }, // 110-112
  {   6.0,  3.5 }, { 2.0,  1.5 }, {  6.0,  4.0 }, // 113-115
};

vec3 v3Results[] = {
  { 1.0f, 2.0f, 3.0f }, { 4.0f, 5.0f, 6.0f }, { 7.0f, 8.0f, 9.0f }, // 0-2
  { 6.0f, 7.0f, 8.0f }, { 3.0f, 4.0f, 5.0f }, {12.0f,15.0f,18.0f }, // 3-5
  {-1.0f,-2.0f,-3.0f }, { 5.0f, 7.0f, 9.0f }, { 3.0f, 3.0f, 3.0f }, // 6-8
  { 4.0f,10.0f,18.0f }, { 1.0f, 1.0f, 1.0f }, { 2.5f, 3.5f, 4.5f }, // 9-11
  { 1.0f, 4.0f, 9.0f }, { 1.0f, 1.0f, 1.0f }, {-3.0f, 6.0f,-3.0f }, // 12-14
  {14.0f,32.0f,50.0f },                                             // 15
  {-1.0f,-2.0f,-3.0f }, {-4.0f,-5.0f,-6.0f }, {-7.0f,-8.0f,-9.0f }, // 16-18

  { 2.0f, 3.0f, 4.0f }, { 5.0f, 6.0f, 7.0f }, { 8.0f, 9.0f,10.0f }, // 19-21
  { 7.0f, 8.0f, 9.0f }, { 4.0f, 5.0f, 6.0f }, {13.0f,16.0f,19.0f }, // 22-24

  { 2.0f, 4.0f, 6.0f }, { 8.0f,10.0f,12.0f }, {14.0f,16.0f,18.0f }, // 25-27
  {12.0f,14.0f,16.0f }, { 6.0f, 8.0f,10.0f }, {24.0f,30.0f,36.0f }, // 28-30

  { 2.0f, 4.0f, 6.0f }, { 5.0f, 7.0f, 9.0f }, { 8.0f,10.0f,12.0f }, // 31-33
  { 7.0f, 9.0f,11.0f }, { 4.0f, 6.0f, 8.0f }, {13.0f,17.0f,21.0f }, // 34-36

  { 1.0f, 4.0f, 9.0f }, { 4.0f,10.0f,18.0f }, { 7.0f,16.0f,27.0f }, // 37-39
  { 6.0f,14.0f,24.0f }, { 3.0f, 8.0f,15.0f }, {12.0f,30.0f,54.0f }, // 40-42

  { 1.0f, 4.0f, 9.0f }, {16.0f,25.0f,36.0f }, {49.0f,64.0f,81.0f },   // 43-45
  {36.0f,49.0f,64.0f }, { 9.0f,16.0f,25.0f }, {144.0f,225.0f,324.0f}, // 46-48

  { 0.0f, 0.0f, 0.0f }, { 0.0f, 0.0f, 0.0f }, { 0.0f, 0.0f, 0.0f }, // 49-51
  { 0.0f, 0.0f, 0.0f }, { 0.0f, 0.0f, 0.0f }, { 0.0f, 0.0f, 0.0f }, // 52-54

  { 0.26726123690605164, 0.53452247381210327, 0.80178368091583252 }, // 55-60
  { 0.45584231615066528, 0.56980288028717041, 0.68376344442367554 },
  { 0.50257068872451782, 0.57436650991439819, 0.64616233110427856 },
  { 0.49153915047645569, 0.57346236705780029, 0.65538555383682251 },
  { 0.42426407337188721, 0.56568545103073120, 0.70710676908493042 },
  { 0.45584228634834290, 0.56980288028717041, 0.68376344442367554 },

  {  1.0,  2.0,  3.0 }, {  4.0,  5.0,  6.0 }, {  7.0,  8.0,  9.0 },  // 61-63
  {  6.0,  7.0,  8.0 }, {  3.0,  4.0,  5.0 }, { 12.0, 15.0, 18.0 },  // 64-66

  { 0.26726123690605164, 0.53452247381210327, 0.80178374052047729 }, // 67-72
  { 0.45584231615066528, 0.56980288028717041, 0.68376344442367554 },
  { 0.50257068872451782, 0.57436650991439819, 0.64616233110427856 },
  { 0.49153915047645569, 0.57346236705780029, 0.65538555383682251 },
  { 0.42426407337188721, 0.56568545103073120, 0.70710676908493042 },
  { 0.45584231615066528, 0.56980288028717041, 0.68376344442367554 },
};

vec4 v4Results[] = {
  { 1.0f, 2.0f, 3.0f, 4.0f }, { 5.0f, 6.0f, 7.0f, 8.0f }, { 9.0f, 10.0f, 11.0f, 12.0f }, { 14.0f, 15.0f, 16.0f, 17.0f }, // 0-3
  { 6.0f, 7.0f, 8.0f, 9.0f }, { 4.0f, 5.0f, 6.0f, 7.0f }, {15.0f, 18.0f, 21.0f, 24.0f }, { -1.0f, -2.0f, -3.0f, -4.0f }, // 4-7
  { 6.0f, 8.0f,10.0f,12.0f }, { 4.0f, 4.0f, 4.0f, 4.0f }, { 5.0f, 12.0f, 21.0f, 32.0f }, {  1.0f,  1.0f,  1.0f,  1.0f }, // 8-11
  { 3.0f, 4.0f, 5.0f, 6.0f }, { 1.0f, 4.0f, 9.0f,16.0f }, {-4.0f,  8.0f, -4.0f,  0.0f }, { 30.0f, 70.0f,110.0f,150.0f }, // 12-15
  {  2.0,  3.0,  4.0,  5.0 }, {  6.0,  7.0,  8.0,  9.0 }, { 10.0, 11.0, 12.0, 13.0 },                                    // 16-18
  { 15.0, 16.0, 17.0, 18.0 }, {  7.0,  8.0,  9.0, 10.0 }, {  5.0,  6.0,  7.0,  8.0 },                                    // 19-21

  {  2.0,  4.0,  6.0,  8.0 }, { 10.0, 12.0, 14.0, 16.0 }, { 18.0, 20.0, 22.0, 24.0 },                                    // 22-24
  { 28.0, 30.0, 32.0, 34.0 }, { 12.0, 14.0, 16.0, 18.0 }, {  8.0, 10.0, 12.0, 14.0 },                                    // 25-27

  { -1.0, -2.0, -3.0, -4.0 }, { -5.0, -6.0, -7.0, -8.0 }, { -9.0,-10.0,-11.0,-12.0 },                                    // 28-30
  {-14.0,-15.0,-16.0,-17.0 }, { -6.0, -7.0, -8.0, -9.0 }, { -4.0, -5.0, -6.0, -7.0 },                                    // 31-33
  {  2.0,  4.0,  6.0,  8.0 }, {  6.0,  8.0, 10.0, 12.0 }, { 10.0, 12.0, 14.0, 16.0 },                                    // 34-36
  { 15.0, 17.0, 19.0, 21.0 }, {  7.0,  9.0, 11.0, 13.0 }, {  5.0,  7.0,  9.0, 11.0 },                                    // 37-39
  {  1.0,  4.0,  9.0, 16.0 }, {  5.0, 12.0, 21.0, 32.0 }, {  9.0, 20.0, 33.0, 48.0 },                                    // 40-42
  { 14.0, 30.0, 48.0, 68.0 }, {  6.0, 14.0, 24.0, 36.0 }, {  4.0, 10.0, 18.0, 28.0 },                                    // 43-45

  {   1.0,   4.0,   9.0,  16.0 }, { 25.0, 36.0, 49.0, 64.0 }, { 81.0, 100.0, 121.0, 144.0 },                             // 46-48
  { 196.0, 225.0, 256.0, 289.0 }, { 36.0, 49.0, 64.0, 81.0 }, { 16.0,  25.0,  36.0,  49.0 },                             // 49-51

  { 0.18257418274879456, 0.36514836549758911, 0.54772251844406128, 0.73029673099517822 },                                // 52-57
  { 0.37904903292655945, 0.45485883951187134, 0.53066861629486084, 0.60647845268249512 },
  { 0.42616236209869385, 0.47351375222206116, 0.52086508274078369, 0.56821650266647339 },
  { 0.45044264197349548, 0.48261711001396179, 0.51479154825210571, 0.54696607589721680 },
  { 0.39562830328941345, 0.46156632900238037, 0.52750438451766968, 0.59344244003295898 },
  { 0.35634833574295044, 0.44543540477752686, 0.53452247381210327, 0.62360960245132446 },

  {  0.0,  0.0,  0.0,  0.0 }, {  0.0,  0.0,  0.0,  0.0 }, {  0.0,  0.0,  0.0,  0.0 },                                    // 58-60
  {  0.0,  0.0,  0.0,  0.0 }, {  0.0,  0.0,  0.0,  0.0 }, {  0.0,  0.0,  0.0,  0.0 },                                    // 61-63

  { 0.18257418274879456, 0.36514836549758911, 0.54772257804870605, 0.73029673099517822 },                                // 64-69
  { 0.37904903292655945, 0.45485883951187134, 0.53066861629486084, 0.60647845268249512 },
  { 0.42616236209869385, 0.47351372241973877, 0.52086508274078369, 0.56821644306182861 },
  { 0.45044261217117310, 0.48261708021163940, 0.51479154825210571, 0.54696601629257202 },
  { 0.39562827348709106, 0.46156632900238037, 0.52750438451766968, 0.59344244003295898 },
  { 0.35634833574295044, 0.44543540477752686, 0.53452247381210327, 0.62360954284667969 },
};

mat2 m2Results[] = {
  { -1.0f, -2.0f, -3.0f, -4.0f }, { 6.0f, 8.0f, 10.0f, 12.0f }, { 6.0f, 7.0f, 8.0f, 9.0f }, { 4.0f, 4.0f, 4.0f, 4.0f },     // 0-3
  { 19.0f, 22.0f, 43.0f, 50.0f }, { 4.0f, 5.0f,  6.0f,  7.0f }, { 2.0f, 4.0f, 6.0f, 8.0f }, { 1.0f, 0.0f, 0.0f, 1.0f },     // 4-7
  {  1.0f,  3.0f,  2.0f,  4.0f }, { 0.70738822221755981, 0.70682519674301147, -0.70682519674301147, 0.70738822221755981 },  // 8-9
  {  0.5f,  0.0f,  0.0f,  1.0f },
};

m3 m3Results[] = {
  m3(   1.0f,   2.0f,   3.0f,   4.0f,   5.0f,   6.0f,   7.0f,   8.0f,   9.0f),
  m3(   1.0f,   0.0f,   0.0f,   0.0f,   1.0f,   0.0f,   0.0f,   0.0f,   1.0f),
  m3(  -1.0f,  -2.0f,  -3.0f,  -4.0f,  -5.0f,  -6.0f,  -7.0f,  -8.0f,  -9.0f),
  m3(   2.0f,   4.0f,   6.0f,   8.0f,  10.0f,  12.0f,  14.0f,  16.0f,  18.0f),
  m3(   2.0f,   3.0f,   4.0f,   5.0f,   6.0f,   7.0f,   8.0f,   9.0f,  10.0f),
  m3(   9.0f,   9.0f,   9.0f,   9.0f,   9.0f,   9.0f,   9.0f,   9.0f,   9.0f),
  m3(   1.0f,   2.0f,   3.0f,   4.0f,   5.0f,   6.0f,   7.0f,   8.0f,   9.0f),
  m3(  84.0f,  90.0f,  96.0f, 201.0f, 216.0f, 231.0f, 318.0f, 342.0f, 366.0f),
  m3(  -7.5f,   6.0f,   1.0f,  17.5f, -15.0f,  -2.0f,  -9.0f,   8.0f,   1.0f),
  m3( -7.4981689453125,  5.99853515625,  0.999755859375, 17.4957275390625, -14.996337890625, -1.99951171875, -8.997802734375, 7.998046875,  0.999755859375),
  m3(   2.0f,   4.0f,   6.0f,   8.0f,  10.0f,  12.0f,  14.0f,  16.0f,  18.0f),
  m3(   1.0f,   4.0f,   7.0f,   2.0f,   5.0f,   8.0f,   3.0f,   6.0f,   9.0f),
  m3(   1.0f,   0.0f,   0.0f,   0.0f, 0.50045961141586304f, -0.86575984954833984f, 0.0f,  0.86575984954833984f, 0.50045961141586304f),
  m3(   1.0f,   0.0f,   0.0f,   0.0f, 0.50045961141586304f,  0.86575984954833984f, 0.0f, -0.86575984954833984f, 0.50045961141586304f),
  m3(0.50045961141586304,0.0,0.86575984954833984,0.0,1.0,0.0,-0.86575984954833984,0.0,0.50045961141586304),
  m3(0.50045961141586304,0.0,-0.86575984954833984,0.0,1.0,0.0,0.86575984954833984,0.0,0.50045961141586304),
  m3(0.50045961141586304,-0.86575984954833984,0.0,0.86575984954833984,0.50045961141586304,0.0,0.0,0.0,1.0),
  m3(0.50045961141586304,0.86575984954833984,0.0,-0.86575984954833984,0.50045961141586304,0.0,0.0,0.0,1.0),
  m3(0.50045961141586304,0.0,0.86575984954833984,0.74954015016555786,0.50045961141586304,-0.43327787518501282,-0.43327787518501282,0.86575984954833984,0.25045984983444214),
  m3(0.50045961141586304,0.0,0.86575984954833984,0.74954009056091309,0.50045961141586304,-0.43327784538269043,-0.43327784538269043,0.86575984954833984,0.25045982003211975),
  m3(0.50045961141586304,0.0,-0.86575984954833984,0.74954015016555786,0.50045961141586304,0.43327787518501282,0.43327787518501282,-0.86575984954833984,0.25045984983444214),
  m3(0.50045961141586304,0.0,-0.86575984954833984,0.74954009056091309,0.50045961141586304,0.43327784538269043,0.43327784538269043,-0.86575984954833984,0.25045982003211975),
  m3(0.50045961141586304,-0.86575984954833984,0.0,0.43327787518501282,0.25045984983444214,-0.86575984954833984,0.74954015016555786,0.43327787518501282,0.50045961141586304),
  m3(0.50045961141586304,-0.86575984954833984,0.0,0.43327784538269043,0.25045982003211975,-0.86575984954833984,0.74954009056091309,0.43327784538269043,0.50045961141586304),
  m3(0.50045961141586304,0.86575984954833984,0.0,-0.43327787518501282,0.25045984983444214,0.86575984954833984,0.74954015016555786,-0.43327787518501282,0.50045961141586304),
  m3(0.50045961141586304,0.86575984954833984,0.0,-0.43327784538269043,0.25045982003211975,0.86575984954833984,0.74954009056091309,-0.43327784538269043,0.50045961141586304),
  m3(0.25045984983444214,-0.43327787518501282,0.86575984954833984,0.86575984954833984,0.50045961141586304,0.0,-0.43327787518501282,0.74954015016555786,0.50045961141586304),
  m3(0.25045982003211975,-0.43327784538269043,0.86575984954833984,0.86575984954833984,0.50045961141586304,0.0,-0.43327784538269043,0.74954009056091309,0.50045961141586304),
  m3(0.25045984983444214,0.43327787518501282,-0.86575984954833984,-0.86575984954833984,0.50045961141586304,0.0,0.43327787518501282,0.74954015016555786,0.50045961141586304),
  m3(0.25045982003211975,0.43327784538269043,-0.86575984954833984,-0.86575984954833984,0.50045961141586304,0.0,0.43327784538269043,0.74954009056091309,0.50045961141586304),
  m3(0.25045984983444214,-0.43327787518501282,0.86575984954833984,0.80839246511459351,-0.3984619677066803,-0.43327787518501282,0.53270208835601807,0.80839246511459351,0.25045984983444214),
  m3(0.25045982003211975,-0.43327784538269043,0.86575984954833984,0.80839240550994873,-0.39846190810203552,-0.43327784538269043,0.53270208835601807,0.80839240550994873,0.25045982003211975),
  m3(0.25045984983444214,0.43327787518501282,-0.86575984954833984,-0.058163274079561234,0.89938163757324219,0.43327787518501282,0.96637821197509766,-0.058163274079561234,0.25045984983444214),
  m3(0.25045982003211975,0.43327784538269043,-0.86575984954833984,-0.05816328153014183,0.89938157796859741,0.43327784538269043,0.96637815237045288,-0.05816328153014183,0.25045982003211975),
  m3( 2.0, 0.0, 0.0, 0.0, 3.0, 0.0, 0.0, 0.0, 4.0),
  m3( 1.0, 0.0, 0.0, 0.0, 2.0, 0.0, 0.0, 0.0, 3.0),
  m3( 1.0, 2.0, 3.0, 5.0, 6.0, 7.0, 9.0,10.0,11.0),
  m3(-25.0,-20.0,22.0,28.0,-19.0,4.0,-10.0,20.0,-9.0),
};


m4 m4Results[] = {
  m4(   1.0f,   2.0f,   3.0f,   4.0f,   5.0f,   6.0f,   7.0f,   8.0f,   9.0f,   10.0f,   11.0f,   12.0f,   13.0f,   14.0f,   15.0f,   16.0f),
  m4(  -1.0f,  -2.0f,  -3.0f,  -4.0f,  -5.0f,  -6.0f,  -7.0f,  -8.0f,  -9.0f,  -10.0f,  -11.0f,  -12.0f,  -13.0f,  -14.0f,  -15.0f,  -16.0f),
  m4(   2.0f,   4.0f,   6.0f,   8.0f,  10.0f,  12.0f,  14.0f,  16.0f,  18.0f,   20.0f,   22.0f,   24.0f,   26.0f,   28.0f,   30.0f,   32.0f),
  m4(   2.0f,   3.0f,   4.0f,   5.0f,   6.0f,   7.0f,   8.0f,   9.0f,  10.0f,   11.0f,   12.0f,   13.0f,   14.0f,   15.0f,   16.0f,   17.0f),
  m4(  16.0f,  16.0f,  16.0f,  16.0f,  16.0f,  16.0f,  16.0f,  16.0f,  16.0f,   16.0f,   16.0f,   16.0f,   16.0f,   16.0f,   16.0f,   16.0f),
  m4(  16.0f,  17.0f,  18.0f,  19.0f,  20.0f,  21.0f,  22.0f,  23.0f,  24.0f,   25.0f,   26.0f,   27.0f,   28.0f,   29.0f,   30.0f,   31.0f),
  m4(  90.0f, 100.0f, 110.0f, 120.0f, 202.0f, 228.0f, 254.0f, 280.0f, 314.0f,  356.0f,  398.0f,  440.0f,  426.0f,  484.0f,  542.0f,  600.0f),
  m4(-0.70710676908493042,0.0,0.70710676908493042,-1.4142135381698608,-0.40824830532073975,0.81649661064147949,-0.40824830532073975,0.0,-0.57735025882720947,-0.57735025882720947,-0.57735025882720947,13.85640621185302700,0.0,0.0,0.0,0.0),
  m4(   2.0f,   4.0f,   6.0f,   8.0f,  10.0f,  12.0f,  14.0f,  16.0f,  18.0f,   20.0f,   22.0f,   24.0f,   26.0f,   28.0f,   30.0f,   32.0f),
  m4(   1.0f,   5.0f,   9.0f,  13.0f,   2.0f,   6.0f,  10.0f,  14.0f,   3.0f,    7.0f,   11.0f,   15.0f,    4.0f,    8.0f,   12.0f,   16.0f),
  m4(  33.0f,  -8.0f,  -9.0f,  10.0f, -14.0f,  24.0f, -18.0f,  20.0f, -21.0f,  -24.0f,   13.0f,   30.0f,   -7.0f,   -8.0f,   -9.0f,   50.0f),
  m4( -97.0f,-112.0f,-126.0f, 140.0f,-112.0f,-127.0f,-144.0f, 160.0f,-126.0f, -144.0f, -161.0f,  180.0f,    0.0f,    0.0f,    0.0f,    1.0f),
  m4(   1.0f,   2.0f,   3.0f,   4.0f,   5.0f,   6.0f,   7.0f,   8.0f,  11.0f,   12.0f,   13.0f,   14.0f,   13.0f,   14.0f,   15.0f,   16.0f),
  m4(0.40824821591377258,-0.70710688829421997,-0.57735031843185425,0.0,-0.81649655103683472,0.000000089406967163085938,-0.57735031843185425,0.0,0.40824836492538452,0.70710676908493042,-0.57735031843185425,0.0,-0.000000476837158203125,-1.4142136573791504,13.85640811920166,1.0),
  m4(0.40824830532073975,-0.70710676908493042,-0.57735025882720947,0.0,-0.81649661064147949,0.0,                       -0.57735025882720947,0.0,0.40824830532073975,0.70710676908493042,-0.57735025882720947,0.0,-0.0,                    -1.4142135381698608,13.856406211853027,1.0),
  m4(   1.0f,   0.0f,   0.0f,   0.0f,   0.0f,   1.0f,   0.0f,   0.0f,   0.0f,    0.0f,    1.0f,    0.0f,    0.0f,    0.0f,    0.0f,    1.0f),
  m4(   2.0f,   0.0f,   0.0f,   0.0f,   0.0f,   3.0f,   0.0f,   0.0f,   0.0f,    0.0f,    4.0f,    0.0f,    0.0f,    0.0f,    0.0f,    1.0f),
  m4(1.0,0.0,0.0,0.0,0.0,0.50045961141586304,-0.86575984954833984,0.0,0.0,0.86575984954833984,0.50045961141586304,0.0,0.0,0.0,0.0,1.0),
  m4(1.0,0.0,0.0,0.0,0.0,0.50045961141586304,0.86575984954833984,0.0,0.0,-0.86575984954833984,0.50045961141586304,0.0,0.0,0.0,0.0,1.0),
  m4(0.50045961141586304,0.0,0.86575984954833984,0.0,0.0,1.0,0.0,0.0,-0.86575984954833984,0.0,0.50045961141586304,0.0,0.0,0.0,0.0,1.0),
  m4(0.50045961141586304,0.0,-0.86575984954833984,0.0,0.0,1.0,0.0,0.0,0.86575984954833984,0.0,0.50045961141586304,0.0,0.0,0.0,0.0,1.0),
  m4(0.50045961141586304,-0.86575984954833984,0.0,0.0,0.86575984954833984,0.50045961141586304,0.0,0.0,0.0,0.0,1.0,0.0,0.0,0.0,0.0,1.0),
  m4(0.50045961141586304,0.86575984954833984,0.0,0.0,-0.86575984954833984,0.50045961141586304,0.0,0.0,0.0,0.0,1.0,0.0,0.0,0.0,0.0,1.0),
  m4(0.50045961141586304,0.0,0.86575984954833984,0.0,0.74954015016555786,0.50045961141586304,-0.43327787518501282,0.0,-0.43327787518501282,0.86575984954833984,0.25045984983444214,0.0,0.0,0.0,0.0,1.0),
  m4(0.50045961141586304,0.0,0.86575984954833984,0.0,0.74954009056091309,0.50045961141586304,-0.43327784538269043,0.0,-0.43327784538269043,0.86575984954833984,0.25045982003211975,0.0,0.0,0.0,0.0,1.0),
  m4(0.50045961141586304,0.0,-0.86575984954833984,0.0,0.74954015016555786,0.50045961141586304,0.43327787518501282,0.0,0.43327787518501282,-0.86575984954833984,0.25045984983444214,0.0,0.0,0.0,0.0,1.0),
  m4(0.50045961141586304,0.0,-0.86575984954833984,0.0,0.74954009056091309,0.50045961141586304,0.43327784538269043,0.0,0.43327784538269043,-0.86575984954833984,0.25045982003211975,0.0,0.0,0.0,0.0,1.0),
  m4(0.50045961141586304,-0.86575984954833984,0.0,0.0,0.43327787518501282,0.25045984983444214,-0.86575984954833984,0.0,0.74954015016555786,0.43327787518501282,0.50045961141586304,0.0,0.0,0.0,0.0,1.0),
  m4(0.50045961141586304,-0.86575984954833984,0.0,0.0,0.43327784538269043,0.25045982003211975,-0.86575984954833984,0.0,0.74954009056091309,0.43327784538269043,0.50045961141586304,0.0,0.0,0.0,0.0,1.0),
  m4(0.50045961141586304,0.86575984954833984,0.0,0.0,-0.43327787518501282,0.25045984983444214,0.86575984954833984,0.0,0.74954015016555786,-0.43327787518501282,0.50045961141586304,0.0,0.0,0.0,0.0,1.0),
  m4(0.50045961141586304,0.86575984954833984,0.0,0.0,-0.43327784538269043,0.25045982003211975,0.86575984954833984,0.0,0.74954009056091309,-0.43327784538269043,0.50045961141586304,0.0,0.0,0.0,0.0,1.0),
  m4(0.25045984983444214,-0.43327787518501282,0.86575984954833984,0.0,0.86575984954833984,0.50045961141586304,0.0,0.0,-0.43327787518501282,0.74954015016555786,0.50045961141586304,0.0,0.0,0.0,0.0,1.0),
  m4(0.25045982003211975,-0.43327784538269043,0.86575984954833984,0.0,0.86575984954833984,0.50045961141586304,0.0,0.0,-0.43327784538269043,0.74954009056091309,0.50045961141586304,0.0,0.0,0.0,0.0,1.0),
  m4(0.25045984983444214,0.43327787518501282,-0.86575984954833984,0.0,-0.86575984954833984,0.50045961141586304,0.0,0.0,0.43327787518501282,0.74954015016555786,0.50045961141586304,0.0,0.0,0.0,0.0,1.0),
  m4(0.25045982003211975,0.43327784538269043,-0.86575984954833984,0.0,-0.86575984954833984,0.50045961141586304,0.0,0.0,0.43327784538269043,0.74954009056091309,0.50045961141586304,0.0,0.0,0.0,0.0,1.0),
  m4(0.25045984983444214,-0.43327787518501282,0.86575984954833984,0.0,0.80839246511459351,-0.3984619677066803, -0.43327787518501282,0.0,0.53270208835601807,0.80839246511459351,0.25045984983444214,0.0,0.0,0.0,0.0,1.0),
  m4(0.25045982003211975,-0.43327784538269043,0.86575984954833984,0.0,0.80839240550994873,-0.39846190810203552,-0.43327784538269043,0.0,0.53270208835601807,0.80839240550994873,0.25045982003211975,0.0,0.0,0.0,0.0,1.0),
  m4(0.25045984983444214,0.43327787518501282,-0.86575984954833984,0.0,-0.058163274079561234,0.89938163757324219,0.43327787518501282,0.0,0.96637821197509766,-0.058163274079561234,0.25045984983444214,0.0,0.0,0.0,0.0,1.0),
  m4(0.25045982003211975,0.43327784538269043,-0.86575984954833984,0.0,-0.05816328153014183, 0.89938157796859741,0.43327784538269043,0.0,0.96637815237045288,-0.05816328153014183, 0.25045982003211975,0.0,0.0,0.0,0.0,1.0),
  m4(1.0,0.0,0.0,2.0,0.0,1.0,0.0,3.0,0.0,0.0,1.0,4.0,0.0,0.0,0.0,1.0),
  m4(1.0,0.0,0.0,0.0,0.0,1.0,0.0,0.0,0.0,0.0,1.0,0.0,2.0,3.0,4.0,1.0),
  m4(1.0,0.0,0.0,1.0,0.0,1.0,0.0,2.0,0.0,0.0,1.0,3.0,0.0,0.0,0.0,1.0),
  m4(1.0,0.0,0.0,0.0,0.0,1.0,0.0,0.0,0.0,0.0,1.0,0.0,1.0,2.0,3.0,1.0),
  m4(1.0,0.0,0.0,1.0,0.0,1.0,0.0,2.0,0.0,0.0,1.0,3.0,0.0,0.0,0.0,1.0),
  m4(1.0,0.0,0.0,0.0,0.0,1.0,0.0,0.0,0.0,0.0,1.0,0.0,1.0,2.0,3.0,1.0),
  m4(0.020202020183205605,0.0,0.0,-1.0202020406723022,0.0,-0.020202020183205605,0.0,1.0202020406723022,0.0,0.0,0.01666666753590107,-0.66666668653488159,0.0,0.0,0.0,1.0),
  m4(1.5423510074615479,0.0,0.0,0.0,0.0,1.5423510074615479,0.0,0.0,0.0,0.0,0.6666666865348815,-33.33333206176757,0.0,0.0,1.0,0.0),
  m4(0.0,0.0,-1.0,0.0,0.0,1.0,0.0,0.0,1.0,0.0,0.0,0.0,0.0,0.0,0.0,1.0),
  m4(0.0,0.0,1.0,0.0,0.0,1.0,0.0,0.0,-1.0,0.0,0.0,0.0,0.0,0.0,0.0,1.0),
  m4(1.0,0.0,0.0,0.0,0.0,0.0,-1.0,0.0,0.0,1.0,0.0,0.0,0.0,0.0,0.0,1.0),
  m4(1.0,0.0,0.0,0.0,0.0,0.0,1.0,0.0,0.0,-1.0,0.0,0.0,0.0,0.0,0.0,1.0),
  m4(1.0,0.0,0.0,0.0,0.0,1.0,0.0,0.0,0.0,0.0,1.0,0.0,0.0,0.0,0.0,1.0),
  m4(-1.0,0.0,0.0,0.0,0.0,1.0,0.0,0.0,0.0,0.0,-1.0,0.0,0.0,0.0,0.0,1.0),
  m4(1.0,0.0,0.0,0.0,0.0,-1.0,0.0,0.0,0.0,0.0,0.96078431606292725,3.9215686321258545,0.0,0.0,1.0,0.0),
  m4(1.0,2.0,3.0,0.0,5.0,6.0,7.0,0.0,9.0,10.0,11.0,0.0,0.0,0.0,0.0,1.0),
  m4(-25.0,-20.0,22.0,0.0,28.0,-19.0,4.0,0.0,-10.0,20.0,-9.0,0.0,0.0,0.0,0.0,1.0),
};

quat qResults[] = {
  quat(32.0,32.0,56.0,-22.0),
  quat(24.0,48.0,48.0, -6.0),
  quat(-1.0,-2.0,-3.0,  4.0),
  quat(0.13356918096542358,0.26713836193084717,0.40070757269859314,0.86615806818008423),
  quat(0.13356918096542358,0.26713836193084717,0.40070754289627075,0.86615806818008423),
  quat(0.25,-0.5,0.25,2.0),
  quat(1.2247449159622192,0.40824830532073975,0.61237245798110962,-0.61237245798110962),
  quat(1.2247449159622192,0.40824827551841736,0.61237239837646484,-0.61237239837646484),
  quat(0.40824830532073975,1.2247449159622192,1.0206207036972046,0.20412415266036987),
  quat(0.40824827551841736,1.2247449159622192,1.0206207036972046,0.20412413775920868),
  quat(0.61237245798110962,1.0206207036972046,1.2247449159622192,0.0),
  quat(0.61237239837646484,1.0206207036972046,1.2247449159622192,0.0),
  quat(0.34412360191345215,-0.6882472038269043,0.34412360191345215,2.1794495582580566),
  quat(0.0,0.0,0.0,0.70637744665145874),
};

int main()
{
  float fr;
  float fa = 1.0f;
  float fb = 2.0f;
  float fd = 0.5f;

  fprintf(stdout,"\n-------------> Float Methods\n\n");

  TestResult(fr=FloatLerpAsm(fa,fb,fd),       fr,FloatList[0],sizeof(float),"FloatLerp()        ",LERP_ERROR);
  TestResult(fr=FloatLerpStd(fa,fb,fd),       fr,FloatList[0],sizeof(float),"FloatLerpStd()     ",LERP_ERROR);
  TestResult(FloatLerpPtrAsm(&fr,&fa,&fb,&fd),fr,FloatList[0],sizeof(float),"FloatLerpStd()     ",LERP_ERROR);
  TestResult(FloatLerpPtrStd(&fr,&fa,&fb,&fd),fr,FloatList[0],sizeof(float),"FloatLerpStd()     ",LERP_ERROR);
  TestResult(fr=FloatSqrAsm(fb),              fr,FloatList[1],sizeof(float),"FloatSqr()         ",SQR_ERROR);
  TestResult(fr=FloatSqrStd(fb),              fr,FloatList[1],sizeof(float),"FloatSqr()         ",SQR_ERROR);
  TestResult(fr=FloatSqrPtrAsm(&fb),          fr,FloatList[1],sizeof(float),"FloatSqr()         ",SQR_ERROR);
  TestResult(fr=FloatSqrPtrStd(&fb),          fr,FloatList[1],sizeof(float),"FloatSqr()         ",SQR_ERROR);
  
  fprintf(stdout,"\n-------------> Vec2 Methods\n\n");

  v2 v2a(1.0f,2.0f);
  v2 v2b(3.0f,4.0f);
  v2 v2c(5.0f,6.0f);
  v2 v2d;

  vec2* v2List[] = {
    (vec2*)v2a,
    (vec2*)v2b,
    (vec2*)v2c
  };

  char* pUnalignedPackedArray = (char*)malloc( 6*sizeof(float) );

  TestResult(BuildVec2PackedArrayAsm((vec2*)pUnalignedPackedArray,(const vec2**)v2List,3),
	     *((vec2*)pUnalignedPackedArray),
	     v2Results[0],
	     3*sizeof(vec2),
	     "BuildVec2PackedArrayAsm()",FCN_ERROR);
  TestResult(BuildVec2PackedArrayStd((vec2*)pUnalignedPackedArray,(const vec2**)v2List,3),
	     *((vec2*)pUnalignedPackedArray),
	     v2Results[0],
	     3*sizeof(vec2),
	     "BuildVec2PackedArrayStd()",FCN_ERROR);

  TestResult(Vec2CopyAsm(v2d.vec,v2a.vec),              *(v2d.vec),v2Results[ 0],sizeof(vec2), "Vec2CopyAsm()         ",FCN_ERROR);
  TestResult(Vec2CopyStd(v2d.vec,v2a.vec),              *(v2d.vec),v2Results[ 0],sizeof(vec2), "Vec2CopyStd()         ",FCN_ERROR);
  TestResult(Vec2AddFloatAsm(v2d.vec,v2a.vec,5.0f),     *(v2d.vec),v2Results[ 3],sizeof(vec2), "Vec2AddFloatAsm()     ",FCN_ERROR);
  TestResult(Vec2AddFloatStd(v2d.vec,v2a.vec,5.0f),     *(v2d.vec),v2Results[ 3],sizeof(vec2), "Vec2AddFloatStd()     ",FCN_ERROR);
  TestResult(Vec2SubtractFloatAsm(v2d.vec,v2b.vec,1.0f),*(v2d.vec),v2Results[ 4],sizeof(vec2), "Vec2SubtractFloatAsm()",FCN_ERROR);
  TestResult(Vec2SubtractFloatStd(v2d.vec,v2b.vec,1.0f),*(v2d.vec),v2Results[ 4],sizeof(vec2), "Vec2SubtractFloatStd()",FCN_ERROR);
  TestResult(Vec2MultiplyFloatAsm(v2d.vec,v2b.vec,2.0f),*(v2d.vec),v2Results[ 5],sizeof(vec2), "Vec2MultiplyFloatAsm()",FCN_ERROR);
  TestResult(Vec2MultiplyFloatStd(v2d.vec,v2b.vec,2.0f),*(v2d.vec),v2Results[ 5],sizeof(vec2), "Vec2MultiplyFloatStd()",FCN_ERROR);
  TestResult(Vec2DivideFloatAsm(v2d.vec,v2b.vec,1.0f),  *(v2d.vec),v2Results[ 1],sizeof(vec2), "Vec2DivideFloatAsm()  ",FCN_ERROR);
  TestResult(Vec2DivideFloatStd(v2d.vec,v2b.vec,1.0f),  *(v2d.vec),v2Results[ 1],sizeof(vec2), "Vec2DivideFloatStd()  ",FCN_ERROR);
  TestResult(Vec2NegateAsm(v2d.vec,v2a.vec),            *(v2d.vec),v2Results[ 6],sizeof(vec2), "Vec2NegateAsm()       ",FCN_ERROR);
  TestResult(Vec2NegateStd(v2d.vec,v2a.vec),            *(v2d.vec),v2Results[ 6],sizeof(vec2), "Vec2NegateStd()       ",FCN_ERROR);
  TestResult(Vec2AddAsm(v2d.vec,v2a.vec,v2b.vec),       *(v2d.vec),v2Results[ 7],sizeof(vec2), "Vec2AddAsm()          ",FCN_ERROR);
  TestResult(Vec2AddStd(v2d.vec,v2a.vec,v2b.vec),       *(v2d.vec),v2Results[ 7],sizeof(vec2), "Vec2AddStd()          ",FCN_ERROR);
  TestResult(Vec2SubtractAsm(v2d.vec,v2b.vec,v2a.vec),  *(v2d.vec),v2Results[ 8],sizeof(vec2), "Vec2SubtractAsm()     ",FCN_ERROR);
  TestResult(Vec2SubtractStd(v2d.vec,v2b.vec,v2a.vec),  *(v2d.vec),v2Results[ 8],sizeof(vec2), "Vec2SubtractStd()     ",FCN_ERROR);
  TestResult(Vec2MultiplyAsm(v2d.vec,v2a.vec,v2b.vec),  *(v2d.vec),v2Results[ 9],sizeof(vec2), "Vec2MultiplyAsm()     ",FCN_ERROR);
  TestResult(Vec2MultiplyStd(v2d.vec,v2a.vec,v2b.vec),  *(v2d.vec),v2Results[ 9],sizeof(vec2), "Vec2MultiplyStd()     ",FCN_ERROR);
  TestResult(Vec2DivideAsm(v2d.vec,v2a.vec,v2a.vec),    *(v2d.vec),v2Results[10],sizeof(vec2), "Vec2DivideAsm()       ",FCN_ERROR);
  TestResult(Vec2DivideStd(v2d.vec,v2a.vec,v2a.vec),    *(v2d.vec),v2Results[10],sizeof(vec2), "Vec2DivideStd()       ",FCN_ERROR);
  TestResult(Vec2LerpAsm(v2d.vec,v2a.vec,v2b.vec,0.5f), *(v2d.vec),v2Results[ 4],sizeof(vec2), "Vec2LerpAsm()         ",FCN_ERROR);
  TestResult(Vec2LerpStd(v2d.vec,v2a.vec,v2b.vec,0.5f), *(v2d.vec),v2Results[ 4],sizeof(vec2), "Vec2LerpStd()         ",FCN_ERROR);
  TestResult(Vec2SqrAsm(v2d.vec,v2a.vec),               *(v2d.vec),v2Results[11],sizeof(vec2), "Vec2SqrAsm()          ",FCN_ERROR);
  TestResult(Vec2SqrStd(v2d.vec,v2a.vec),               *(v2d.vec),v2Results[11],sizeof(vec2), "Vec2SqrStd()          ",FCN_ERROR);
  TestResult(Vec2NormalizeAsm(v2d.vec,v2b.vec),         *(v2d.vec),v2Results[12],sizeof(vec2), "Vec2NormalizeAsm()    ",FCN_ERROR);
  TestResult(Vec2NormalizeStd(v2d.vec,v2b.vec),         *(v2d.vec),v2Results[12],sizeof(vec2), "Vec2NormalizeStd()    ",FCN_ERROR);
  TestResult(Vec2DotAsm(&fr,v2a.vec,v2b.vec),           fr,        FloatList[ 2],sizeof(float),"Vec2DotAsm()          ",FCN_ERROR);
  TestResult(Vec2DotStd(&fr,v2a.vec,v2b.vec),           fr,        FloatList[ 2],sizeof(float),"Vec2DotStd()          ",FCN_ERROR);
  TestResult(Vec2LengthAsm(&fr,v2a.vec),                fr,        FloatList[ 3],sizeof(float),"Vec2LengthAsm()       ",FCN_ERROR);
  TestResult(Vec2LengthStd(&fr,v2a.vec),                fr,        FloatList[ 3],sizeof(float),"Vec2LengthStd()       ",FCN_ERROR);

#if 0
 XXX: THIS WILL NOT WORK ON THIS PROCESSOR

  int32_t bResult;

  TestResult(Vec2EqualsAsm(&bResult,v2a.vec,v2a.vec),   bResult,     IntList[ 0],  sizeof(int),"Vec2EqualsAsm()       ",FCN_ERROR);
  TestResult(Vec2EqualsStd(&bResult,v2a.vec,v2a.vec),   bResult,     IntList[ 0],  sizeof(int),"Vec2EqualsStd()       ",FCN_ERROR);
  TestResult(Vec2NotEqualsAsm(&bResult,v2a.vec,v2a.vec),bResult,     IntList[ 1],  sizeof(int),"Vec2NotEqualsAsm()    ",FCN_ERROR);
  TestResult(Vec2NotEqualsStd(&bResult,v2a.vec,v2a.vec),bResult,     IntList[ 1],  sizeof(int),"Vec2NotEqualsStd()    ",FCN_ERROR);
#endif

  free((void*)pUnalignedPackedArray);

  fprintf(stdout,"\n-------------> Vec3 Methods\n\n");

  v3 v3a(1.0f,2.0f,3.0f);
  v3 v3b(4.0f,5.0f,6.0f);
  v3 v3c(7.0f,8.0f,9.0f);
  v3 v3e(1.0f,2.0f,3.0f);
  v3 v3d;

  vec3* v3List[] = {
    (vec3*)v3a,
    (vec3*)v3b,
    (vec3*)v3c
  };

  pUnalignedPackedArray = (char*)malloc( 12*sizeof(float) );

  TestResult(BuildVec3PackedArrayAsm((vec3*)pUnalignedPackedArray,(const vec3**)v3List,3),
	     *((vec3*)pUnalignedPackedArray),
	     v3Results[0],
	     3*sizeof(vec3),
	     "BuildVec3PackedArrayAsm()",FCN_ERROR);
  TestResult(BuildVec3PackedArrayStd((vec3*)pUnalignedPackedArray,(const vec3**)v3List,3),
	     *((vec3*)pUnalignedPackedArray),
	     v3Results[0],
	     3*sizeof(vec3),
	     "BuildVec3PackedArrayStd()",FCN_ERROR);

  TestResult(Vec3CopyAsm(v3d.vec,v3a.vec),              *(v3d.vec),v3Results[ 0],sizeof(vec3), "Vec3CopyAsm()         ",FCN_ERROR);
  TestResult(Vec3CopyStd(v3d.vec,v3a.vec),              *(v3d.vec),v3Results[ 0],sizeof(vec3), "Vec3CopyStd()         ",FCN_ERROR);
  TestResult(Vec3AddFloatAsm(v3d.vec,v3a.vec,5.0f),     *(v3d.vec),v3Results[ 3],sizeof(vec3), "Vec3AddFloatAsm()     ",FCN_ERROR);
  TestResult(Vec3AddFloatStd(v3d.vec,v3a.vec,5.0f),     *(v3d.vec),v3Results[ 3],sizeof(vec3), "Vec3AddFloatStd()     ",FCN_ERROR);
  TestResult(Vec3SubtractFloatAsm(v3d.vec,v3b.vec,1.0f),*(v3d.vec),v3Results[ 4],sizeof(vec3), "Vec3SubtractFloatAsm()",FCN_ERROR);
  TestResult(Vec3SubtractFloatStd(v3d.vec,v3b.vec,1.0f),*(v3d.vec),v3Results[ 4],sizeof(vec3), "Vec3SubtractFloatStd()",FCN_ERROR);
  TestResult(Vec3MultiplyFloatAsm(v3d.vec,v3b.vec,3.0f),*(v3d.vec),v3Results[ 5],sizeof(vec3), "Vec3MultiplyFloatAsm()",FCN_ERROR);
  TestResult(Vec3MultiplyFloatStd(v3d.vec,v3b.vec,3.0f),*(v3d.vec),v3Results[ 5],sizeof(vec3), "Vec3MultiplyFloatStd()",FCN_ERROR);
  TestResult(Vec3DivideFloatAsm(v3d.vec,v3b.vec,1.0f),  *(v3d.vec),v3Results[ 1],sizeof(vec3), "Vec3DivideFloatAsm()  ",FCN_ERROR);
  TestResult(Vec3DivideFloatStd(v3d.vec,v3b.vec,1.0f),  *(v3d.vec),v3Results[ 1],sizeof(vec3), "Vec3DivideFloatStd()  ",FCN_ERROR);
  TestResult(Vec3NegateAsm(v3d.vec,v3a.vec),            *(v3d.vec),v3Results[ 6],sizeof(vec3), "Vec3NegateAsm()       ",FCN_ERROR);
  TestResult(Vec3NegateStd(v3d.vec,v3a.vec),            *(v3d.vec),v3Results[ 6],sizeof(vec3), "Vec3NegateStd()       ",FCN_ERROR);
  TestResult(Vec3AddAsm(v3d.vec,v3a.vec,v3b.vec),       *(v3d.vec),v3Results[ 7],sizeof(vec3), "Vec3AddAsm()          ",FCN_ERROR);
  TestResult(Vec3AddStd(v3d.vec,v3a.vec,v3b.vec),       *(v3d.vec),v3Results[ 7],sizeof(vec3), "Vec3AddStd()          ",FCN_ERROR);
  TestResult(Vec3SubtractAsm(v3d.vec,v3b.vec,v3a.vec),  *(v3d.vec),v3Results[ 8],sizeof(vec3), "Vec3SubtractAsm()     ",FCN_ERROR);
  TestResult(Vec3SubtractStd(v3d.vec,v3b.vec,v3a.vec),  *(v3d.vec),v3Results[ 8],sizeof(vec3), "Vec3SubtractStd()     ",FCN_ERROR);
  TestResult(Vec3MultiplyAsm(v3d.vec,v3a.vec,v3b.vec),  *(v3d.vec),v3Results[ 9],sizeof(vec3), "Vec3MultiplyAsm()     ",FCN_ERROR);
  TestResult(Vec3MultiplyStd(v3d.vec,v3a.vec,v3b.vec),  *(v3d.vec),v3Results[ 9],sizeof(vec3), "Vec3MultiplyStd()     ",FCN_ERROR);
  TestResult(Vec3DivideAsm(v3d.vec,v3a.vec,v3e.vec),    *(v3d.vec),v3Results[10],sizeof(vec3), "Vec3DivideAsm()       ",FCN_ERROR);
  TestResult(Vec3DivideStd(v3d.vec,v3a.vec,v3e.vec),    *(v3d.vec),v3Results[10],sizeof(vec3), "Vec3DivideStd()       ",FCN_ERROR);
  TestResult(Vec3LerpAsm(v3d.vec,v3a.vec,v3b.vec,0.5f), *(v3d.vec),v3Results[11],sizeof(vec3), "Vec3LerpAsm()         ",FCN_ERROR);
  TestResult(Vec3LerpStd(v3d.vec,v3a.vec,v3b.vec,0.5f), *(v3d.vec),v3Results[11],sizeof(vec3), "Vec3LerpStd()         ",FCN_ERROR);
  TestResult(Vec3SqrAsm(v3d.vec,v3a.vec),               *(v3d.vec),v3Results[12],sizeof(vec3), "Vec3SqrAsm()          ",FCN_ERROR);
  TestResult(Vec3SqrStd(v3d.vec,v3a.vec),               *(v3d.vec),v3Results[12],sizeof(vec3), "Vec3SqrStd()          ",FCN_ERROR);
#if 0
  // XXX: THESE WON'T WORK ON THIS PROCESSOR
  TestResult(Vec3NormalizeAsm(v3d.vec,v3b.vec),         *(v3d.vec),v3Results[13],sizeof(vec3), "Vec3NormalizeAsm()    ",FCN_ERROR);
  TestResult(Vec3NormalizeStd(v3d.vec,v3b.vec),         *(v3d.vec),v3Results[13],sizeof(vec3), "Vec3NormalizeStd()    ",FCN_ERROR);
  TestResult(Vec3DotAsm(&fr,v3a.vec,v3b.vec),           fr,        FloatList[ 3],sizeof(float),"Vec3DotAsm()          ",FCN_ERROR);
  TestResult(Vec3DotStd(&fr,v3a.vec,v3b.vec),           fr,        FloatList[ 3],sizeof(float),"Vec3DotStd()          ",FCN_ERROR);
  TestResult(Vec3LengthAsm(&fr,v3a.vec),                fr,        FloatList[ 3],sizeof(float),"Vec3LengthAsm()       ",FCN_ERROR);
  TestResult(Vec3LengthStd(&fr,v3a.vec),                fr,        FloatList[ 3],sizeof(float),"Vec3LengthStd()       ",FCN_ERROR);
#endif

  TestResult(Vec3CrossAsm(v3d.vec,v3a.vec,v3b.vec),     *(v3d.vec),v3Results[14],sizeof(vec3), "Vec3CrossAsm()        ",FCN_ERROR);
  TestResult(Vec3CrossStd(v3d.vec,v3a.vec,v3b.vec),     *(v3d.vec),v3Results[14],sizeof(vec3), "Vec3CrossStd()        ",FCN_ERROR);

  free((void*)pUnalignedPackedArray);

  fprintf(stdout,"\n-------------> Vec4 Methods\n\n");fflush(stdout);

  v4 v4a(1.0f,2.0f,3.0f,4.0f);

  v4 v4b(5.0f,6.0f,7.0f,8.0f);
  v4 v4c(9.0f,10.0f,11.0f,12.0f);
  v4 v4d(14.0f,15.0f,16.0f,17.0f);
  v4 v4r;

  vec4* v4List[] = {
    (vec4*)v4a,
    (vec4*)v4b,
    (vec4*)v4c,
    (vec4*)v4d
  };

  pUnalignedPackedArray = (char*)malloc( 16*sizeof(float) );

  TestResult(BuildVec4PackedArrayAsm((vec4*)pUnalignedPackedArray,(const vec4**)v4List,4),
	     *((vec4*)pUnalignedPackedArray),
	     v4Results[0],
	     4*sizeof(vec4),
	     "BuildVec4PackedArrayAsm()",FCN_ERROR);
  TestResult(BuildVec4PackedArrayStd((vec4*)pUnalignedPackedArray,(const vec4**)v4List,4),
	     *((vec4*)pUnalignedPackedArray),
	     v4Results[0],
	     4*sizeof(vec4),
	     "BuildVec4PackedArrayStd()",FCN_ERROR);

  TestResult(Vec4CopyAsm(v4r.vec,v4a.vec),              *(v4r.vec),v4Results[ 0],sizeof(vec4), "Vec4CopyAsm()         ",FCN_ERROR);
  TestResult(Vec4CopyStd(v4r.vec,v4a.vec),              *(v4r.vec),v4Results[ 0],sizeof(vec4), "Vec4CopyStd()         ",FCN_ERROR);
  TestResult(Vec4AddFloatAsm(v4r.vec,v4a.vec,5.0f),     *(v4r.vec),v4Results[ 4],sizeof(vec4), "Vec4AddFloatAsm()     ",FCN_ERROR);
  TestResult(Vec4AddFloatStd(v4r.vec,v4a.vec,5.0f),     *(v4r.vec),v4Results[ 4],sizeof(vec4), "Vec4AddFloatStd()     ",FCN_ERROR);
  TestResult(Vec4SubtractFloatAsm(v4r.vec,v4b.vec,1.0f),*(v4r.vec),v4Results[ 5],sizeof(vec4), "Vec4SubtractFloatAsm()",FCN_ERROR);
  TestResult(Vec4SubtractFloatStd(v4r.vec,v4b.vec,1.0f),*(v4r.vec),v4Results[ 5],sizeof(vec4), "Vec4SubtractFloatStd()",FCN_ERROR);
  TestResult(Vec4MultiplyFloatAsm(v4r.vec,v4b.vec,3.0f),*(v4r.vec),v4Results[ 6],sizeof(vec4), "Vec4MultiplyFloatAsm()",FCN_ERROR);
  TestResult(Vec4MultiplyFloatStd(v4r.vec,v4b.vec,3.0f),*(v4r.vec),v4Results[ 6],sizeof(vec4), "Vec4MultiplyFloatStd()",FCN_ERROR);
  TestResult(Vec4DivideFloatAsm(v4r.vec,v4b.vec,1.0f),  *(v4r.vec),v4Results[ 1],sizeof(vec4), "Vec4DivideFloatAsm()  ",FCN_ERROR);
  TestResult(Vec4DivideFloatStd(v4r.vec,v4b.vec,1.0f),  *(v4r.vec),v4Results[ 1],sizeof(vec4), "Vec4DivideFloatStd()  ",FCN_ERROR);
  TestResult(Vec4NegateAsm(v4r.vec,v4a.vec),            *(v4r.vec),v4Results[ 7],sizeof(vec4), "Vec4NegateAsm()       ",FCN_ERROR);
  TestResult(Vec4NegateStd(v4r.vec,v4a.vec),            *(v4r.vec),v4Results[ 7],sizeof(vec4), "Vec4NegateStd()       ",FCN_ERROR);
  TestResult(Vec4AddAsm(v4r.vec,v4a.vec,v4b.vec),       *(v4r.vec),v4Results[ 8],sizeof(vec4), "Vec4AddAsm()          ",FCN_ERROR);
  TestResult(Vec4AddStd(v4r.vec,v4a.vec,v4b.vec),       *(v4r.vec),v4Results[ 8],sizeof(vec4), "Vec4AddStd()          ",FCN_ERROR);
  TestResult(Vec4SubtractAsm(v4r.vec,v4b.vec,v4a.vec),  *(v4r.vec),v4Results[ 9],sizeof(vec4), "Vec4SubtractAsm()     ",FCN_ERROR);
  TestResult(Vec4SubtractStd(v4r.vec,v4b.vec,v4a.vec),  *(v4r.vec),v4Results[ 9],sizeof(vec4), "Vec4SubtractStd()     ",FCN_ERROR);
