#define __ALIGNED_LIB

#include <CVector.h>
#include <stdio.h>

// TBD:
// XXX Add cross and then angle elements after standard vec4 elements
// XXX: Repair (m4d = m4inverse(m4e);)
// XXX: Transpose (m2transpose vs. m3transpose vs transpose)
// XXX: DETERMINE IF METHODS LIKE m2transpose SHOULD BE REDUCED TO JUST transpose(v2);
// XXX: Review [] methods in array elements for single element return
// XXX: Add null constructors for v2array,v2buf,v3array,v3buf,v4...

char* ErrMsg[] = {
  "subtract error\0" ,
  "sum error\0" ,
  "product error\0" ,
  "division error\0",
  "sum/float error\0",
  "sub/float error\0",
  "mul/float error\0",
  "div/float error\0",
  "dot error\0",
  "lerp error\0",
  "sqr error\0",
  "normalize error\0",
  "cross error\0",
  "length error\0",
  "negation error\0",
  "transpose error\0",
  "function error\0",
};

/* -----------------------------------------------------------
 * Error message pointer list
 * ----------------------------------------------------------- */

#define SUB_ERROR        0
#define SUM_ERROR        1
#define MUL_ERROR        2
#define DIV_ERROR        3
#define SUM_FLOAT_ERROR  4
#define SUB_FLOAT_ERROR  5
#define MUL_FLOAT_ERROR  6
#define DIV_FLOAT_ERROR  7
#define DOT_ERROR        8
#define LERP_ERROR       9
#define SQR_ERROR       10
#define NRM_ERROR       11
#define CRS_ERROR       12
#define LTH_ERROR       13
#define NEG_ERROR       14
#define TRANS_ERROR     15
#define FCN_ERROR       16

/* -----------------------------------------------------------
 * Regression test convenience macro
 * ----------------------------------------------------------- */

#define TestResult(op,res,expct,lgth,hdr,msg)	\
  op; \
  if ( memcmp((void*)&res,(void*)&expct,lgth) )	\
    fprintf(stderr,"op :"#hdr": "#op" FAILED: %s\n",ErrMsg[msg]); \
  else \
    fprintf(stdout,"op :"#hdr": "#op": OK\n");

/* -----------------------------------------------------------
 * Float Results
 * ----------------------------------------------------------- */

float fResults[] = {
  5.0f,
  2.2360680103302002,
  14.0,
  3.7416574954986572,
  15.0,
  5.4772257804870605,
  5.0, 25.0, 20.0, 17.0, 13.0, 5.0, // 6
  2.2360680103302002,               // 12
  5.0,
  4.4721360206604004,
  4.1231055259704590,
  3.6055512428283691,
  2.2360680103302002,
  14.0, 50.0, 56.0, 98.0, 22.0, 3720.0, // 18-23
  3.7416574954986572,                   // 24-29
  7.0710678100585937,
  7.4833149909973145,
  9.8994951248168945,
  4.6904158592224121,
  60.991802215576172,
  30.0,86.0,120.0,354.0,38.0,40400.0,   // 30-35
  5.4772257804870605,                   // 36-41
  9.2736186981201172,
  10.954451560974121,
  18.814888000488281,
  6.1644139289855957,
  200.99751281738281,
};




/* -----------------------------------------------------------
 * v2 Results
 * ----------------------------------------------------------- */

vec2 v2Results[] = {
  { 1.0, 2.0 },
  { 3.0, 4.0 },
  { 2.0, 4.0 },
  { 1.0, 4.0 },
  { 3.0, 2.0 },
  {-1.0,-2.0 },
  { 0.44721359014511108, 0.89442718029022217 },
  { 0.0, 1.0 },
  { 3.0, 2.0 },
  { 5.0,11.0 },
  {   3.0,   4.0 }, {   5.0,   6.0 }, {   4.0,   6.0 }, {   3.0,   6.0 }, {   5.0,   4.0 }, {   1.0,   0.0 }, // 10-15
  {   2.0,   4.0 }, {   6.0,   8.0 }, {   4.0,   8.0 }, {   2.0,   8.0 }, {   6.0,   4.0 }, {  -2.0,  -4.0 }, // 16-21
  {   2.0,   4.0 }, {   4.0,   6.0 }, {   3.0,   6.0 }, {   2.0,   6.0 }, {   4.0,   4.0 }, {   0.0,   0.0 }, // 22-27
  {   1.0,   4.0 }, {   3.0,   8.0 }, {   2.0,   8.0 }, {   1.0,   8.0 }, {   3.0,   4.0 }, {  -1.0,  -4.0 }, // 28-33
  {   1.0,   4.0 }, {   9.0,  16.0 }, {   4.0,  16.0 }, {   1.0,  16.0 }, {   9.0,   4.0 }, {   1.0,   4.0 }, // 34-39
  {   5.0,  11.0 }, {  11.0,  25.0 }, {  10.0,  22.0 }, {   9.0,  19.0 }, {   7.0,  17.0 }, {  -5.0, -11.0 }, // 40-45
  { 0.44721359014511108, 0.89442718029022217 }, { 0.60000002384185791, 0.80000001192092896 },                 // 46-47
  { 0.44721359014511108, 0.89442718029022217 }, { 0.24253563582897186, 0.97014254331588745 },                 // 48-49
  { 0.83205032348632813, 0.55470019578933716 }, {-0.44721359014511108,-0.89442718029022217 },                 // 50-51

};

/* -----------------------------------------------------------
 * v3 Results
 * ----------------------------------------------------------- */

vec3 v3Results[] = {
  { 1.0, 2.0, 3.0 },
  { 3.0, 4.0, 5.0 },
  { 2.0, 4.0, 6.0 },
  { 1.0, 4.0, 9.0 },
  { 3.0, 2.0, 3.0 },
  {14.0,32.0,50.0 },
  {   3.0,   4.0,   5.0,   0.0 }, {   5.0,   6.0,   7.0,   0.0 }, {   4.0,   6.0,     8.0,   0.0 }, //  6-11
  {   3.0,   6.0,  11.0,   0.0 }, {   5.0,   4.0,   5.0,   0.0 }, {  16.0,  34.0,    52.0,   0.0 },
  {   2.0,   4.0,   6.0,   0.0 }, {   6.0,   8.0,  10.0,   0.0 }, {   4.0,   8.0,    12.0,   0.0 }, // 12-17
  {   2.0,   8.0,  18.0,   0.0 }, {   6.0,   4.0,   6.0,   0.0 }, {  28.0,  64.0,   100.0,   0.0 },
  {   2.0,   4.0,   6.0,   0.0 }, {   4.0,   6.0,   8.0,   0.0 }, {   3.0,   6.0,     9.0,   0.0 }, // 18-23
  {   2.0,   6.0,  12.0,   0.0 }, {   4.0,   4.0,   6.0,   0.0 }, {  15.0,  34.0,    53.0,   0.0 },
  {   1.0,   4.0,   9.0,   0.0 }, {   3.0,   8.0,  15.0,   0.0 }, {   2.0,   8.0,    18.0,   0.0 }, // 24-29
  {   1.0,   8.0,  27.0,   0.0 }, {   3.0,   4.0,   9.0,   0.0 }, {  14.0,  64.0,   150.0,   0.0 },
  {   1.0,   4.0,   9.0,   0.0 }, {   9.0,  16.0,  25.0,   0.0 }, {   4.0,   16.0,   36.0,   0.0 }, // 30-35
  {   1.0,  16.0,  81.0,   0.0 }, {   9.0,   4.0,   9.0,   0.0 }, { 196.0, 1024.0, 2500.0,   0.0 },
  {  14.0,  32.0,  50.0,   0.0 }, {  26.0,  62.0,  98.0,   0.0 }, {  28.0,  64.0,   100.0,   0.0 }, // 36-41
  {  36.0,  78.0, 120.0,   0.0 }, {  16.0,  40.0,  64.0,   0.0 }, { 228.0, 516.0,   804.0,   0.0 },
  {   2.0,  4.0,    6.0,   0.0 }, {   3.0,   4.0,   5.0,   0.0 }, {   2.0,   4.0,     6.0,   0.0 }, // 42-47
  {   1.0,  4.0,    9.0,   0.0 }, {   3.0,   2.0,   3.0,   0.0 }, {  14.0,  32.0,    50.0,   0.0 },
  { 0.26726123690605164,  0.53452247381210327,  0.80178368091583252,  0.0 },                        // 48-53
  { 0.42426407337188721,  0.56568545103073120,  0.70710676908493042,  0.0 },
  { 0.26726123690605164,  0.53452247381210327,  0.80178368091583252,  0.0 },
  { 0.10101525485515594,  0.40406101942062378,  0.90913724899291992,  0.0 },
  { 0.63960212469100952,  0.42640143632888794,  0.63960212469100952,  0.0 },
  { 0.22953905165195465,  0.52466064691543579,  0.81978231668472290,  0.0 },
  {   0.0,  0.0,    0.0,   0.0 },                                                                   // 54
};

/* -----------------------------------------------------------
 * v4 Results
 * ----------------------------------------------------------- */

vec4 v4Results[] = {
  {   1.0,   2.0,   3.0,   4.0 },
  {   3.0,   4.0,   5.0,   6.0 },
  {   2.0,   4.0,   6.0,   8.0 },
  {   1.0,   4.0,   9.0,  16.0 },
  {   3.0,   2.0,   3.0,   4.0 },
  {  30.0,  70.0, 110.0, 150.0 },
  {   3.0,    4.0,    5.0,    6.0 }, {   5.0,    6.0,    7.0,    8.0 }, {   4.0,    6.0,    8.0,   10.0 }, //  6-11
  {   3.0,    6.0,   11.0,   18.0 }, {   5.0,    4.0,    5.0,    6.0 }, {  32.0,   72.0,  112.0,  152.0 },
  {   2.0,    4.0,    6.0,    8.0 }, {   6.0,    8.0,   10.0,   12.0 }, {   4.0,    8.0,   12.0,   16.0 }, // 12-17
  {   2.0,    8.0,   18.0,   32.0 }, {   6.0,    4.0,    6.0,    8.0 }, {  60.0,  140.0,  220.0,  300.0 },
  {   2.0,    4.0,    6.0,    8.0 }, {   4.0,    6.0,    8.0,   10.0 }, {   3.0,    6.0,    9.0,   12.0 }, // 18-23
  {   2.0,    6.0,   12.0,   20.0 }, {   4.0,    4.0,    6.0,    8.0 }, {  31.0,   72.0,  113.0,  154.0 },
  {   1.0,    4.0,    9.0,   16.0 }, {   3.0,    8.0,   15.0,   24.0 }, {   2.0,    8.0,   18.0,   32.0 }, // 24-29
  {   1.0,    8.0,   27.0,   64.0 }, {   3.0,    4.0,    9.0,   16.0 }, {  30.0,  140.0,  330.0,  600.0 },
  {   1.0,    4.0,    9.0,   16.0 }, {   9.0,   16.0,   25.0,   36.0 }, {   4.0,   16.0,   36.0,   64.0 }, // 30-35
  {   1.0,   16.0,   81.0,  256.0 }, {   9.0,    4.0,    9.0,   16.0 }, { 900.0,  4900.0,  12100.0,  22500.0 },
  {  30.0,   70.0,  110.0,  150.0 }, {  50.0,  122.0,  194.0,  266.0 }, {  60.0,  140.0,  220.0,  300.0 }, // 36-41
  { 100.0,  220.0,  340.0,  460.0 }, {  32.0,   80.0,  128.0,  176.0 }, { 1100.0,  2540.0,  3980.0,  5420.0 },
  {   2.0,    4.0,    6.0,    8.0 }, {   3.0,    4.0,    5.0,    6.0 }, {   2.0,    4.0,    6.0,    8.0 }, // 42-47
  {   1.0,    4.0,    9.0,   16.0 }, {   3.0,    2.0,    3.0,    4.0 }, {  30.0,   70.0,  110.0,  150.0 },
  {   2.0,    4.0,    6.0,    8.0 }, {   3.0,    4.0,    5.0,    6.0 }, {   2.0,    4.0,    6.0,    8.0 }, // 48-53
  {   1.0,    4.0,    9.0,   16.0 }, {   3.0,    2.0,    3.0,    4.0 }, {  30.0,   70.0,  110.0,  150.0 },
  { 0.18257418274879456,  0.36514836549758911,  0.54772251844406128,  0.73029673099517822 },               // 54-59
  { 0.32349830865859985,  0.43133109807968140,  0.53916382789611816,  0.64699661731719971 },
  { 0.18257418274879456,  0.36514836549758911,  0.54772251844406128,  0.73029673099517822 },
  { 0.053149398416280746, 0.21259759366512299,  0.47834458947181702,  0.85039037466049194 },
  { 0.48666426539421082,  0.32444283366203308,  0.48666426539421082,  0.64888566732406616 },
  { 0.14925557374954224,  0.34826302528381348,  0.54727047681808472,  0.74627786874771118 },
  {   0.0,    0.0,    0.0,   0.0 },                                                                        // 60
};

/* -----------------------------------------------------------
 * m2 Results
 * ----------------------------------------------------------- */

mat2 m2Results[] = {
  { 1.0, 2.0, 3.0, 4.0 },    //  0
  { 1.0, 0.0, 0.0, 1.0 },    //  1
  { 3.0, 4.0, 5.0, 6.0 },    //  2
  { 2.0, 4.0, 6.0, 8.0 },    //  3
  { 7.0,10.0,15.0,22.0 },    //  4
  { 2.0, 2.0, 3.0, 4.0 },    //  5
  { 1.0, 3.0, 2.0, 4.0 },    //  6
  {  0.70710724592208862,
    -0.70710635185241699,
     0.70710635185241699,
     0.70710724592208862 },  //  7
  {  0.70710724592208862,
     0.70710635185241699,
     -0.70710635185241699,
     0.70710724592208862 },  //  8
  { 1.0, 0.0, 0.0, 2.0 },    //  9
  {-1.0,-2.0,-3.0,-4.0 },    // 10
};

/* -----------------------------------------------------------
 * m3 Results
 * ----------------------------------------------------------- */

mat3 m3Results[] = {
  {   1.0,   0.0,   0.0,   0.0,    0.0,   1.0,   0.0,   0.0,    0.0,   0.0,   1.0,   0.0 }, //  0
  {   1.0,   2.0,   3.0,   0.0,    4.0,   5.0,   6.0,   0.0,    7.0,   8.0,   9.0,   0.0 }, //  1
  {   3.0,   4.0,   5.0,   0.0,    6.0,   7.0,   8.0,   0.0,    9.0,  10.0,  11.0,   0.0 }, //  2
  {   2.0,   4.0,   6.0,   0.0,    8.0,  10.0,  12.0,   0.0,   14.0,  16.0,  18.0,   0.0 }, //  3
  {  30.0,  36.0,  42.0,   0.0,   66.0,  81.0,  96.0,   0.0,  102.0, 126.0, 150.0,   0.0 }, //  4
  {   3.0,   0.0,   0.0,   0.0,    0.0,   1.0,   0.0,   0.0,    0.0,   0.0,   1.0,   0.0 }, //  5
  {  0.0, 0.36358642578125, -0.0908966064453125, 0.0, -1.999725341796875, -1.3634490966796875,
     2.0906219482421875, 0.0, 0.9998626708984375, 0.2726898193359375, -0.8180694580078125,  0.0 }, // 6
  {   1.0,   4.0,   7.0,   0.0,    2.0,   5.0,   8.0,   0.0,    3.0,   6.0,   9.0,   0.0 }, //  7
  {  -1.0,  -2.0,  -3.0,   0.0,   -4.0,  -5.0,  -6.0,   0.0,   -7.0,  -8.0,  -9.0,   0.0 }, //  8
  {  1.0,  0.0,  0.0,  0.0,  0.0,  0.70710724592208862, -0.70710635185241699,  0.0,  0.0,  0.70710635185241699,  0.70710724592208862,  0.0 }, //  9
  {  1.0,  0.0,  0.0,  0.0,  0.0,  0.70710724592208862,  0.70710635185241699,  0.0,  0.0, -0.70710635185241699,  0.70710724592208862,  0.0 }, // 10
  {  0.86602562665939331, 0.0, 0.49999961256980896, 0.0, 0.0, 1.0, 0.0, 0.0, -0.49999961256980896, 0.0, 0.86602562665939331, 0.0 },           // 11
  {  0.86602562665939331, 0.0, -0.49999961256980896, 0.0, 0.0, 1.0, 0.0, 0.0, 0.49999961256980896, 0.0, 0.86602562665939331, 0.0 },           // 12
  {  0.50000077486038208, -0.86602497100830078, 0.0, 0.0, 0.86602497100830078, 0.50000077486038208, 0.0, 0.0, 0.0, 0.0, 1.0, 0.0 },           // 13
  {  0.50000077486038208, 0.86602497100830078, 0.0, 0.0, -0.86602497100830078, 0.50000077486038208, 0.0, 0.0, 0.0, 0.0, 1.0, 0.0 },           // 14
  {  0.86602562665939331, 0.0, 0.49999961256980896, 0.0, 0.35355287790298462, 0.70710724592208862, -0.61237221956253052, 0.0, -0.35355332493782043, 0.70710635185241699, 0.6123729944229126, 0.0 },  // 15
  {  0.86602562665939331, 0.0, -0.49999961256980896, 0.0, 0.35355287790298462, 0.70710724592208862, 0.61237221956253052, 0.0, 0.35355332493782043, -0.70710635185241699, 0.6123729944229126, 0.0 },  // 16
  {  0.50000077486038208, -0.86602497100830078, 0.0, 0.0, 0.61237251758575439, 0.35355418920516968, -0.70710635185241699, 0.0, 0.61237174272537231, 0.35355374217033386, 0.70710724592208862, 0.0 }, // 17
  {  0.50000077486038208, 0.86602497100830078, 0.0, 0.0, -0.61237251758575439, 0.35355418920516968, 0.70710635185241699, 0.0, 0.61237174272537231, -0.35355374217033386, 0.70710724592208862, 0.0 }, // 18
  {  0.43301349878311157, -0.74999982118606567, 0.49999961256980896, 0.0, 0.86602497100830078, 0.50000077486038208, 0.0, 0.0, -0.25000020861625671, 0.43301212787628174, 0.86602562665939331, 0.0 }, // 19
  {  0.43301349878311157, 0.74999982118606567, -0.49999961256980896, 0.0, -0.86602497100830078, 0.50000077486038208, 0.0, 0.0, 0.25000020861625671, 0.43301212787628174, 0.86602562665939331, 0.0 }, // 20
  {  0.43301349878311157, -0.74999982118606567, 0.49999961256980896, 0.0, 0.78914922475814819, 0.04736856743693351, -0.61237221956253052, 0.0, 0.43559476733207703, 0.65973973274230957, 0.61237299442291260,  0.0 },  // 21
  {  0.43301349878311157, 0.74999982118606567, -0.49999961256980896, 0.0, -0.43559578061103821, 0.60355365276336670, 0.61237221956253052, 0.0, 0.78914868831634521, -0.047367729246616364, 0.61237299442291260, 0.0 }, // 22
  {   1.0,   0.0,   0.0,   0.0,    0.0,   2.0,   0.0,   0.0,    0.0,   0.0,   3.0,   0.0 }, // 23
  {   1.0,   2.0,   3.0,   0.0,    5.0,   6.0,   7.0,   0.0,    9.0,  10.0,  11.0,   0.0 }, // 24
  { -25.0,  -2.0,  10.0,   0.0,   10.0, -19.0,  10.0,   0.0,    2.0,  14.0,  -9.0,   0.0 }, // 25
};

/* -----------------------------------------------------------
 * m4 Results
 * ----------------------------------------------------------- */

mat4 m4Results[] = {
  {   1.0,   0.0,   0.0,   0.0,    0.0,   1.0,   0.0,   0.0,   0.0,   0.0,   1.0,   0.0,   0.0,   0.0,   0.0,   1.0 }, //  0
  {   1.0,   2.0,   3.0,   4.0,    5.0,   6.0,   7.0,   8.0,   9.0,  10.0,  11.0,  12.0,  13.0,  14.0,  15.0,  16.0 }, //  1
  {   3.0,   4.0,   5.0,   6.0,    7.0,   8.0,   9.0,  10.0,  11.0,  12.0,  13.0,  14.0,  15.0,  16.0,  17.0,  18.0 }, //  2
  {   2.0,   4.0,   6.0,   8.0,   10.0,  12.0,  14.0,  16.0,  18.0,  20.0,  22.0,  24.0,  26.0,  28.0,  30.0,  32.0 }, //  3
  {  90.0, 100.0, 110.0, 120.0,  202.0, 228.0, 254.0, 280.0, 314.0, 356.0, 398.0, 440.0, 426.0, 484.0, 542.0, 600.0 }, //  4
  {   3.0,   0.0,   0.0,   0.0,    0.0,   1.0,   0.0,   0.0,   0.0,   0.0,   1.0,   0.0,   0.0,   0.0,   0.0,   1.0 }, //  5
  {   1.0,   0.0,   0.0,   0.0,    0.0,   1.0,   0.0,   0.0,   0.0,   0.0,   1.0,   0.0,   0.0,   0.0,   0.0,   1.0 }, //  6
  {   1.0,   5.0,   9.0,  13.0,    2.0,   6.0,  10.0,  14.0,   3.0,   7.0,  11.0,  15.0,   4.0,   8.0,  12.0,  16.0 }, //  7
  {  -1.0,  -2.0,  -3.0,  -4.0,   -5.0,  -6.0,  -7.0,  -8.0,  -9.0, -10.0, -11.0, -12.0, -13.0, -14.0, -15.0, -16.0 }, //  8
  {  25.0,  -6.0,  -9.0,  -6.0,   -4.0,  20.0, -12.0,  -8.0,  -5.0, -10.0,  13.0, -10.0,  -1.0,  -2.0,  -3.0,  26.0 }, //  9
  {   1.0,   2.0,   3.0,   4.0,    5.0,   6.0,   7.0,   8.0,  11.0,  12.0,  13.0,  14.0,  13.0,  14.0,  15.0,  16.0 }, // 10
  {   0.40824833512306213,  -0.7071068286895752,  -0.57735025882720947,   0.0,
     -0.81649667024612427,   0.0,  -0.57735025882720947,   0.0,
      0.40824833512306213,   0.70710682868957520,  -0.57735025882720947,   0.0,
     -0.0,  -1.41421365737915040,   6.92820310592651370,   1.0 },                                                      // 11
  {   1.0,   0.0,   0.0,   0.0,    0.0,   2.0,   0.0,   0.0,   0.0,   0.0,   3.0,   0.0,   0.0,   0.0,   0.0,   1.0 }, // 12
  {   1.0,   0.0,   0.0,   0.0,   0.0,  0.70710724592208862,  -0.70710635185241699,  0.0,
      0.0,  0.70710635185241699,  0.70710724592208862,  0.0,  0.0,  0.0,  0.0,  1.0 },                                 // 13
  {   1.0,  0.0,  0.0,  0.0,  0.0,  0.70710724592208862,  0.70710635185241699,  0.0,  0.0,
      -0.70710635185241699,  0.70710724592208862,  0.0,  0.0,  0.0,  0.0,  1.0 },                                      // 14
  {   0.86602562665939331,  0.0,  0.49999961256980896,  0.0,  0.0,  1.0,  0.0,  0.0,
      -0.49999961256980896,  0.0,  0.86602562665939331,  0.0,  0.0,  0.0,  0.0,  1.0 },                                // 15
  {   0.86602562665939331,  0.0,  -0.49999961256980896,  0.0,  0.0,  1.0,  0.0,  0.0,
      0.49999961256980896,  0.0,  0.86602562665939331,  0.0,  0.0,  0.0,  0.0,  1.0 },                                 // 16
  {   0.50000077486038208,  -0.86602497100830078,  0.0,  0.0,  0.86602497100830078,  0.50000077486038208,
      0.0,  0.0,  0.0,  0.0,  1.0,  0.0,  0.0,  0.0,  0.0,  1.0 },                                                     // 17
  {   0.50000077486038208,  0.86602497100830078,  0.0,  0.0,  -0.86602497100830078,  0.50000077486038208,
      0.0,  0.0,  0.0,  0.0,  1.0,  0.0,  0.0,  0.0,  0.0,  1.0 },                                                     // 18
  {   0.86602562665939331,  0.0,  0.49999961256980896,  0.0,  0.35355287790298462,  0.70710724592208862,
      -0.61237221956253052,  0.0,  -0.35355332493782043,  0.70710635185241699,  0.61237299442291260,  0.0,
      0.0,  0.0,  0.0,  1.0 },                                                                                         // 19
  {   0.86602562665939331,  0.0,  -0.49999961256980896,  0.0,  0.35355287790298462,  0.70710724592208862,
      0.61237221956253052,  0.0,  0.35355332493782043,  -0.70710635185241699,  0.6123729944229126,
      0.0,  0.0,  0.0,  0.0,  1.0 },                                                                                   // 20
  {   0.50000077486038208,  -0.86602497100830078,  0.0,  0.0,  0.61237251758575439,  0.35355418920516968,
      -0.70710635185241699,  0.0,  0.61237174272537231,  0.35355374217033386,  0.70710724592208862,
      0.0,  0.0,  0.0,  0.0,  1.0 },                                                                                   // 21
  {   0.50000077486038208,  0.86602497100830078,  0.0,  0.0,  -0.61237251758575439,  0.35355418920516968,
      0.70710635185241699,  0.0,  0.61237174272537231,  -0.35355374217033386,  0.70710724592208862,
      0.0,  0.0,  0.0,  0.0,  1.0 },                                                                                   // 22
  {   0.43301349878311157,  -0.74999982118606567,  0.49999961256980896,  0.0,  0.86602497100830078,
      0.50000077486038208,  0.0,  0.0,  -0.25000020861625671,  0.43301212787628174,  0.86602562665939331,
      0.0,  0.0,  0.0,  0.0,  1.0 },                                                                                   // 23
  {   0.43301349878311157,  0.74999982118606567,  -0.49999961256980896,  0.0,  -0.86602497100830078,
      0.50000077486038208,  0.0,  0.0,  0.25000020861625671,  0.43301212787628174,  0.86602562665939331,
      0.0,  0.0,  0.0,  0.0,  1.0 },                                                                                   // 24
  {   0.43301349878311157,  -0.74999982118606567,  0.49999961256980896,  0.0,  0.78914922475814819,
      0.047368567436933517,  -0.61237221956253052,  0.0,  0.43559476733207703,  0.65973973274230957,
      0.6123729944229126, 0.0,  0.0,  0.0,  0.0,  1.0 },                                                               // 25
  {   0.43301349878311157,  0.74999982118606567,  -0.49999961256980896,  0.0,  -0.43559578061103821,
      0.6035536527633667,  0.61237221956253052,  0.0,  0.78914868831634521,  -0.047367729246616364,
      0.6123729944229126,  0.0,  0.0,  0.0,  0.0,  1.0 },                                                              // 26
  {   1.0,   0.0,   0.0,   1.0,    0.0,   1.0,   0.0,   2.0,   0.0,   0.0,   1.0,   3.0,   0.0,   0.0,   0.0,   1.0 }, // 27
  {   1.0,   0.0,   0.0,   0.0,    0.0,   1.0,   0.0,   0.0,   0.0,   0.0,   1.0,   0.0,   1.0,   2.0,   3.0,   1.0 }, // 28
  {   1.0,   0.0,   0.0,  -0.0,    0.0,  -1.0,   0.0,   0.0,   0.0,   0.0,  -0.086956523358821869,
      -0.73913043737411499,        0.0,   0.0,   0.0,   1.0 },                                                         // 29
  {   1.0,   0.0,   0.0,  -0.0,    0.0,  -1.0,   0.0,   0.0,   0.0,   0.0,  -0.043478261679410934,
      0.1304347813129425,  0.0,    0.0,   0.0,   1.0 },                                                                // 30
  { 2.4142158031463623,    0.0,    0.0,   0.0,   0.0,  2.4142158031463623,    0.0,  0.0,   0.0,   0.0,
    0.66666668653488159,  6.6666665077209473,    0.0,   0.0,   1.0,   0.0 },                                           // 31
  { 2.4142158031463623,    0.0,    0.0,   0.0,   0.0,  2.4142158031463623,    0.0,  0.0,   0.0,   0.0,
    0.83333337306976318,  3.3333332538604736,    0.0,   0.0,   1.0,   0.0 },                                           // 32
  {   0.0,   0.0,  -1.0,   0.0,    0.0,   1.0,   0.0,   0.0,   1.0,   0.0,   0.0,   0.0,   0.0,   0.0,   0.0,   1.0 }, // 33
  {   0.0,   0.0,   1.0,   0.0,    0.0,   1.0,   0.0,   0.0,  -1.0,   0.0,   0.0,   0.0,   0.0,   0.0,   0.0,   1.0 }, // 34
  {   1.0,   0.0,   0.0,   0.0,    0.0,   0.0,  -1.0,   0.0,   0.0,   1.0,   0.0,   0.0,   0.0,   0.0,   0.0,   1.0 }, // 35
  {   1.0,   0.0,   0.0,   0.0,    0.0,   0.0,   1.0,   0.0,   0.0,  -1.0,   0.0,   0.0,   0.0,   0.0,   0.0,   1.0 }, // 36
  {  -1.0,   0.0,   0.0,   0.0,    0.0,   1.0,   0.0,   0.0,   0.0,   0.0,  -1.0,   0.0,   0.0,   0.0,   0.0,   1.0 }, // 37
  {   1.0,   2.0,   3.0,   0.0,    4.0,   5.0,   6.0,   0.0,   7.0,   8.0,   9.0,   0.0,   0.0,   0.0,   0.0,   1.0 }, // 38
  { -25.0,  -2.0,  10.0,   0.0,   10.0, -19.0,  10.0,   0.0,   2.0,  14.0,  -9.0,   0.0,   0.0,   0.0,   0.0,   1.0 }, // 39
  {  0.49613893032073975, 0.0, -0.86824309825897217, 2.1085901260375977,
    -0.56922894716262817, 0.75509965419769287, -0.32527369260787964, 0.03485071659088134,
     0.65561008453369141, 0.65561008453369141,   0.37463432550430298,  -3.0907332897186279,
     0.0,   0.0,   0.0,   1.0 },                                                                                       // 40
};



/* -----------------------------------------------------------
 * quaternion Results
 * ----------------------------------------------------------- */

quaternion qResults[] = {
  {   1.0,   2.0,   3.0,   1.0 }, // 0
  {   2.0,   4.0,   6.0, -13.0 }, // 1
  {  -1.0,  -2.0,  -3.0,   1.0 }, // 2
  {  -1.0,  -2.0,  -3.0,   1.0 }, // 3
  {   2.0,   2.0,   3.0,   1.0 }, // 4
  {   0.25, -0.5,   0.25,  2.0 }, // 5
  { 0.34412360191345215, -0.6882472038269043,  0.34412360191345215, 2.1794495582580566  }, // 6
  { 0.10227636992931366,  0.20455273985862732, 0.30682912468910217, 0.92387968301773071 }, // 7
  { 0.26726123690605164,  0.53452247381210327, 0.80178368091583252, 0.26726123690605164 }, // 8
};


int main()
{
  float fr;

  v2 v2a(1.0,2.0);
  v2 v2b(1.0,2.0);
  v2 v2c;
  v2 v2d;

  bool bCheck;
  bool bTrue  = true;
  bool bFalse = false;

  fprintf(stdout,"----------------------> v2 Methods\n");

  v2d = v2a;
  TestResult(v2a.sqr(),                            *(v2a.vec),v2Results[3], sizeof(vec2), "v2a.sqr()                            ",FCN_ERROR);
  TestResult(v2a.sqrt(),                           *(v2a.vec),v2Results[0], sizeof(vec2), "v2a.sqrt()                           ",FCN_ERROR);
  TestResult(v2d.normalize(),                      *(v2d.vec),v2Results[6], sizeof(vec2), "v2d.normalize()                      ",FCN_ERROR);
  TestResult(fr=v2a.length(),                      fr,         fResults[1], sizeof(float),"fr=v2a.length()                      ",FCN_ERROR);
  TestResult(fr=v2a.dot(v2b),                      fr,         fResults[0], sizeof(float),"fr=v2a.dot(v2b)                      ",FCN_ERROR);
  TestResult(v2a.lerp(v2b,0.5),                    *(v2a.vec),v2Results[0], sizeof(vec2), "v2a.lerp(v2b,0.5)                    ",FCN_ERROR);
  TestResult(bCheck=v2a.equals(v2b),               bCheck,    bTrue,        sizeof(bool), "bCheck=v2a.equals(v2b)               ",FCN_ERROR);
  TestResult(bCheck=v2a.notequals(v2b),            bCheck,    bFalse,       sizeof(bool), "bCheck=v2a.notequals(v2b)            ",FCN_ERROR);

  TestResult(v2d.sqr(v2a),                         *(v2d.vec),v2Results[3], sizeof(vec2), "v2d.sqr(v2a)                         ",FCN_ERROR);
  TestResult(v2d.sqrt(v2d),                        *(v2d.vec),v2Results[0], sizeof(vec2), "v2d.sqrt(v2d)                        ",FCN_ERROR);
  TestResult(v2d.normalize(v2a),                   *(v2d.vec),v2Results[6], sizeof(vec2), "v2d.normalize(v2a)                   ",FCN_ERROR);
  TestResult(v2d.lerp(v2a,v2b,0.5),                *(v2d.vec),v2Results[0], sizeof(vec2), "v2d.lerp(v2a,v2b,0.5)                ",FCN_ERROR);

  TestResult(fr=v2d.dot(*(v2a.vec)),               fr,         fResults[0], sizeof(float),"fr=v2d.dot(v2a.vec)                  ",FCN_ERROR);
  TestResult(v2d.sqr(*(v2a.vec)),                  *(v2d.vec),v2Results[3], sizeof(vec2), "v2d.sqr(v2a.vec)                     ",FCN_ERROR);
  TestResult(v2d.sqrt(*(v2d.vec)),                 *(v2d.vec),v2Results[0], sizeof(vec2), "v2d.sqrt(v2d.vec)                    ",FCN_ERROR);
  TestResult(v2d.normalize(*(v2a.vec)),            *(v2d.vec),v2Results[6], sizeof(vec2), "v2d.normalize(v2a.vec)               ",FCN_ERROR);
  TestResult(v2a.lerp(*(v2b.vec),0.5),             *(v2a.vec),v2Results[0], sizeof(vec2), "v2a.lerp(v2b.vec,0.5)                ",FCN_ERROR);
  TestResult(v2d.lerp(*(v2a.vec),*(v2b.vec),0.5),  *(v2d.vec),v2Results[0], sizeof(vec2), "v2d.lerp(v2a.vec,v2b.vec,0.5)        ",FCN_ERROR);
  TestResult(bCheck=v2a.equals(*(v2a.vec)),         bCheck,   bTrue,        sizeof(bool), "bCheck=v2a.equals(*(v2b.vec))        ",FCN_ERROR);
  TestResult(bCheck=v2a.notequals(*(v2a.vec)),      bCheck,   bFalse,       sizeof(bool), "bCheck=v2a.notequals(*(v2b.vec))     ",FCN_ERROR);

  // XXX: Angle between 2 vecs?

  fprintf(stdout,"----------------------> v2 Operations\n");

  TestResult(v2a += 2.0,                           *(v2a.vec),v2Results[1], sizeof(vec2), "v2 += float                          ",FCN_ERROR);
  TestResult(v2a -= 2.0,                           *(v2a.vec),v2Results[0], sizeof(vec2), "v2 -= float                          ",FCN_ERROR);
  TestResult(v2a *= 2.0,                           *(v2a.vec),v2Results[2], sizeof(vec2), "v2 *= float                          ",FCN_ERROR);
  TestResult(v2a /= 2.0,                           *(v2a.vec),v2Results[0], sizeof(vec2), "v2 /= float                          ",FCN_ERROR);
  TestResult(v2a += v2b,                           *(v2a.vec),v2Results[2], sizeof(vec2), "v2 += v2                             ",FCN_ERROR);
  TestResult(v2a -= v2b,                           *(v2a.vec),v2Results[0], sizeof(vec2), "v2 -= v2                             ",FCN_ERROR);
  TestResult(v2a *= v2b,                           *(v2a.vec),v2Results[3], sizeof(vec2), "v2 *- v2                             ",FCN_ERROR);
  TestResult(v2a /= v2b,                           *(v2a.vec),v2Results[0], sizeof(vec2), "v2 /= v2                             ",FCN_ERROR);
  TestResult(v2a += *(v2b.vec),                    *(v2a.vec),v2Results[2], sizeof(vec2), "v2a += vec2                          ",FCN_ERROR);
  TestResult(v2a -= *(v2b.vec),                    *(v2a.vec),v2Results[0], sizeof(vec2), "v2a -= vec2                          ",FCN_ERROR);
  TestResult(v2a *= *(v2b.vec),                    *(v2a.vec),v2Results[3], sizeof(vec2), "v2a *= vec2                          ",FCN_ERROR);
  TestResult(v2a /= *(v2b.vec),                    *(v2a.vec),v2Results[0], sizeof(vec2), "v2a /= vec2                          ",FCN_ERROR);
  TestResult(v2a->x = 3.0,                         *(v2a.vec),v2Results[4], sizeof(vec2), "v2a->x = f                           ",FCN_ERROR);
  TestResult(v2d=v2a,                              *(v2d.vec),v2Results[4], sizeof(vec2), "v2d=v2a                              ",FCN_ERROR);
  v2a->x = 1.0;
  TestResult(copy(v2c,v2a),                        *(v2c.vec),v2Results[0], sizeof(vec2), "copy(v2,v2)                          ",FCN_ERROR);
  TestResult(v2d=v2a+2.0,                          *(v2d.vec),v2Results[1], sizeof(vec2), "v2d=v2a+2.0                          ",FCN_ERROR);
  TestResult(v2d=v2d-2.0,                          *(v2d.vec),v2Results[0], sizeof(vec2), "v2d=v2d-2.0                          ",FCN_ERROR);
  TestResult(v2d=v2a*2.0,                          *(v2d.vec),v2Results[2], sizeof(vec2), "v2d=v2a*2.0                          ",FCN_ERROR);
  TestResult(v2d=v2d/2.0,                          *(v2d.vec),v2Results[0], sizeof(vec2), "v2d=v2d/2.0                          ",FCN_ERROR);
  TestResult(v2d=2.0*v2a,                          *(v2d.vec),v2Results[2], sizeof(vec2), "v2d=2.0*v2d                          ",FCN_ERROR);
  v2d /= 2.0;
  TestResult(v2d=-v2a,                             *(v2d.vec),v2Results[5], sizeof(vec2), "v2d=-v2a                             ",FCN_ERROR);
  TestResult(v2d=v2a+v2b,                          *(v2d.vec),v2Results[2], sizeof(vec2), "v2d=v2a+v2b                          ",FCN_ERROR);
  TestResult(v2d=v2d-v2a,                          *(v2d.vec),v2Results[0], sizeof(vec2), "v2d=v2d-v2b                          ",FCN_ERROR);
  TestResult(v2d=v2a*v2b,                          *(v2d.vec),v2Results[3], sizeof(vec2), "v2d=v2a*v2b                          ",FCN_ERROR);
  TestResult(v2d=v2d/v2b,                          *(v2d.vec),v2Results[0], sizeof(vec2), "v2d=v2d/v2b                          ",FCN_ERROR);
  TestResult(v2d=lerp(v2a,v2b,0.5),                *(v2d.vec),v2Results[0], sizeof(vec2), "v2d=lerp(v2a,v2b,0.5)                ",FCN_ERROR);
  TestResult(v2d=sqr(v2a),                         *(v2d.vec),v2Results[3], sizeof(vec2), "v2d=sqr(v2a)                         ",FCN_ERROR);
  TestResult(v2d=sqrt(v2d),                        *(v2d.vec),v2Results[0], sizeof(vec2), "v2d=sqrt(v2a)                        ",FCN_ERROR);
  TestResult(v2d=normalize(v2a),                   *(v2d.vec),v2Results[6], sizeof(vec2), "v2d=normalize(v2a)                   ",FCN_ERROR);
  TestResult(fr=dot(v2a,v2b),                      fr,        fResults[0],  sizeof(float),"fr=dot(v2a,v2b)                      ",FCN_ERROR);
  TestResult(fr=length(v2a),                       fr,        fResults[1],  sizeof(float),"fr=length(v2a)                       ",FCN_ERROR);

  vec2 vec2r;
  v2d = v2a * 2.0f;

  TestResult(vec2r=*(v2a.vec)+2.0f,                vec2r,     v2Results[1], sizeof(vec2), "vec2r=*(v2a.vec)+2.0                 ",FCN_ERROR);
  TestResult(vec2r=*(v2a.vec)-1.0f,                vec2r,     v2Results[7], sizeof(vec2), "vec2r=*(v2a.vec)-2.0                 ",FCN_ERROR);
  TestResult(vec2r=*(v2a.vec)*2.0f,                vec2r,     v2Results[2], sizeof(vec2), "vec2r=*(v2a.vec)*2.0                 ",FCN_ERROR);
  TestResult(vec2r=*(v2d.vec)/2.0f,                vec2r,     v2Results[0], sizeof(vec2), "vec2r=*(v2d.vec)/2.0                 ",FCN_ERROR);
  TestResult(vec2r=lerp(*(v2a.vec),*(v2b.vec),0.5),vec2r,     v2Results[0], sizeof(vec2), "vec2r=lerp(*(v2a.vec),*(v2b.vec),0.5)",FCN_ERROR);
  TestResult(vec2r=sqr(*(v2a.vec)),                vec2r,     v2Results[3], sizeof(vec2), "vec2r=sqr(*(v2a.vec))                ",FCN_ERROR);
  v2d = sqr(v2a);
  TestResult(vec2r=sqrt(*(v2d.vec)),               vec2r,     v2Results[0],sizeof(vec2),  "vec2r=sqrt(*(v2d.vec))               ",FCN_ERROR);
  TestResult(vec2r=normalize(*(v2a.vec)),          vec2r,     v2Results[6],sizeof(vec2),  "vec2r=normalize(*(vec2a.vec))        ",FCN_ERROR);
  TestResult(fr=dot(*(v2a.vec),*(v2b.vec)),        fr,        fResults[0], sizeof(float), "fr=dot(*(v2a.vec),*(v2b.vec))        ",FCN_ERROR);
  TestResult(fr=length(*(v2a.vec)),                fr,        fResults[1], sizeof(float), "fr=length(*(v2a.vec))                ",FCN_ERROR);

  TestResult(bCheck=(v2a == v2b),                  bCheck,    bTrue,       sizeof(bool),  "bCheck=(v2a==v2b)                    ",FCN_ERROR);
  TestResult(bCheck=(v2a != v2b),                  bCheck,    bFalse,      sizeof(bool),  "bCheck=(v2a!=v2b)                    ",FCN_ERROR);

  TestResult(bCheck=(*(v2a.vec)==*(v2b.vec)),      bCheck,    bTrue,       sizeof(bool),  "bCheck=(*(v2a.vec)==*(v2b.vec))      ",FCN_ERROR);
  TestResult(bCheck=(*(v2a.vec)!=*(v2b.vec)),      bCheck,    bFalse,      sizeof(bool),  "bCheck=(*(v2a.vec)!=*(v2b.vec))      ",FCN_ERROR);

  fprintf(stdout,"----------------------> v2 Methods\n");

  v3 v3a(1.0f,2.0f,3.0f);
  v3 v3b(1.0f,2.0f,3.0f);
  v3 v3c;
  v3 v3d;

  TestResult(v3d=v3a,                              *(v3d.vec),v3Results[ 0],sizeof(vec3), "v3d=v3a                              ",FCN_ERROR);
  TestResult(v3a.sqr(),                            *(v3a.vec),v3Results[ 3],sizeof(vec3), "v3a.sqr()                            ",FCN_ERROR);
  TestResult(v3a.sqrt(),                           *(v3a.vec),v3Results[ 0],sizeof(vec3), "v3a.sqrt()                           ",FCN_ERROR);
  TestResult(v3d.normalize(),                      *(v3d.vec),v3Results[48],sizeof(vec3), "v3d.normalize()                      ",FCN_ERROR);
  TestResult(fr=v3a.length(),                      fr,         fResults[ 3],sizeof(float),"fr=v3d.length()                      ",FCN_ERROR);
  TestResult(fr=v3a.dot(v3b),                      fr,         fResults[ 2],sizeof(float),"fr=v3a.dot(v3b)                      ",FCN_ERROR);
  v3d = v3a;
  TestResult(v3d.cross(v3a),                       *(v3d.vec),v3Results[54],sizeof(vec3), "v3d.cross(v3a)                       ",FCN_ERROR);
  TestResult(v3a.lerp(v3b,0.5),                    *(v3a.vec),v3Results[ 0],sizeof(vec3), "v3a.lerp(v3b,0.5                     ",FCN_ERROR);

  v3d = v3a;
  TestResult(v3d.sqr(v3a),                         *(v3d.vec),v3Results[ 3],sizeof(vec3), "v3d.sqr(v3a)                         ",FCN_ERROR);
  TestResult(v3d.sqrt(v3d),                        *(v3d.vec),v3Results[ 0],sizeof(vec3), "v3d.sqrt(v3d)                        ",FCN_ERROR);
  TestResult(v3d.normalize(v3a),                   *(v3d.vec),v3Results[48],sizeof(vec3), "v3d.normalize(v3a)                   ",FCN_ERROR);
  TestResult(v3d.cross(v3a,v3b),                   *(v3d.vec),v3Results[54],sizeof(vec3), "v3d.cross(v3a,v3b)                   ",FCN_ERROR);
  TestResult(v3d.lerp(v3a,v3b,0.5),                *(v3d.vec),v3Results[ 0],sizeof(vec3), "v3d.lerp(v3a,v3b,0.5)                ",FCN_ERROR);

  TestResult(fr=v3d.dot(*(v3a.vec)),               fr,         fResults[ 2],sizeof(float),"fr=v3d.dot(*(v3a.vec))               ",FCN_ERROR);
  TestResult(v3d.sqr(*(v3a.vec)),                  *(v3d.vec),v3Results[ 3],sizeof(vec3), "v3d.sqr(*(v3a.vec))                  ",FCN_ERROR);
  TestResult(v3d.sqrt(*(v3d.vec)),                 *(v3d.vec),v3Results[ 0],sizeof(vec3), "v3d.sqrt(*(v3d.vec))                 ",FCN_ERROR);
  TestResult(v3d.normalize(*(v3a.vec)),            *(v3d.vec),v3Results[48],sizeof(vec3), "v3d.normalize(*(v3a.vec))            ",FCN_ERROR);
  v3d = v3a;
  TestResult(v3d.lerp(*(v3a.vec),0.5),             *(v3d.vec),v3Results[ 0],sizeof(vec3), "v3d.lerp(*(v3a.vec))                 ",FCN_ERROR);
  TestResult(v3d.lerp(*(v3a.vec),*(v3b.vec),0.5),  *(v3d.vec),v3Results[ 0],sizeof(vec3), "v3d.lerp(*(v3a.vec),*(v3b.vec),0.5)  ",FCN_ERROR);

  fprintf(stdout,"----------------------> v2 Operations\n");
  
  TestResult(v3d += 2.0,                           *(v3d.vec),v3Results[1],sizeof(vec3),  "v3d += 2.0                           ",FCN_ERROR);
  TestResult(v3d -= 2.0,                           *(v3d.vec),v3Results[0],sizeof(vec3),  "v3d -= 2.0                           ",FCN_ERROR);
  TestResult(v3d *= 2.0,                           *(v3d.vec),v3Results[2],sizeof(vec3),  "v3d *= 2.0                           ",FCN_ERROR);
  TestResult(v3d /= 2.0,                           *(v3d.vec),v3Results[0],sizeof(vec3),  "v3d /= 2.0                           ",FCN_ERROR);

  TestResult(v3d += v3a,                           *(v3d.vec),v3Results[2],sizeof(vec3),  "v3d += v3a                           ",FCN_ERROR);
  TestResult(v3d -= v3a,                           *(v3d.vec),v3Results[0],sizeof(vec3),  "v3d -= v3a                           ",FCN_ERROR);
  TestResult(v3d *= v3a,                           *(v3d.vec),v3Results[3],sizeof(vec3),  "v3d *= v3a                           ",FCN_ERROR);
  TestResult(v3d /= v3a,                           *(v3d.vec),v3Results[0],sizeof(vec3),  "v3d /= v3a                           ",FCN_ERROR);

  TestResult(v3d += *(v3a.vec),                    *(v3d.vec),v3Results[2],sizeof(vec3),  "v3d += *(v3a.vec)                    ",FCN_ERROR);
  TestResult(v3d -= *(v3a.vec),                    *(v3d.vec),v3Results[0],sizeof(vec3),  "v3d -= *(v3a.vec)                    ",FCN_ERROR);
  TestResult(v3d *= *(v3a.vec),                    *(v3d.vec),v3Results[3],sizeof(vec3),  "v3d *= *(v3a.vec)                    ",FCN_ERROR);
  TestResult(v3d /= *(v3a.vec),                    *(v3d.vec),v3Results[0],sizeof(vec3),  "v3d /= *(v3a.vec)                    ",FCN_ERROR);

  TestResult(v3d->x = 3.0,                         *(v3d.vec),v3Results[4],sizeof(vec3),  "v2d->x = 3.0                         ",FCN_ERROR);

  TestResult(v3d = v3a + 2.0,                      *(v3d.vec),v3Results[1],sizeof(vec3),  "v3d = v3a + 2.0                      ",FCN_ERROR);
  TestResult(v3d = v3d - 2.0,                      *(v3d.vec),v3Results[0],sizeof(vec3),  "v3d = v3d - 2.0                      ",FCN_ERROR);
  TestResult(v3d = v3a * 2.0,                      *(v3d.vec),v3Results[2],sizeof(vec3),  "v3d = v3a * 2.0                      ",FCN_ERROR);
  TestResult(v3d = v3d / 2.0,                      *(v3d.vec),v3Results[0],sizeof(vec3),  "v3d = v3d / 2.0                      ",FCN_ERROR);
  TestResult(v3d = 2.0 * v3a,                      *(v3d.vec),v3Results[2],sizeof(vec3),  "v3d = 2.0 * v3a                      ",FCN_ERROR);

  TestResult(v3d = v3a + v3b,                      *(v3d.vec),v3Results[2],sizeof(vec3),  "v3d = v3a + v3b                      ",FCN_ERROR);
  TestResult(v3d = v3d - v3b,                      *(v3d.vec),v3Results[0],sizeof(vec3),  "v3d = v3d - v3b                      ",FCN_ERROR);
  TestResult(v3d = v3a * v3b,                      *(v3d.vec),v3Results[3],sizeof(vec3),  "v3d = v3a * v3b                      ",FCN_ERROR);
  TestResult(v3d = v3d / v3b,                      *(v3d.vec),v3Results[0],sizeof(vec3),  "v3d = v3d / v3b                      ",FCN_ERROR);

  TestResult(v3d = lerp(v3a,v3a,0.5),              *(v3d.vec),v3Results[0],sizeof(vec3),  "v3d = lerp(v3a,v3a,0.5)              ",FCN_ERROR);
  TestResult(v3d = sqr(v3a),                       *(v3d.vec),v3Results[3],sizeof(vec3),  "v3d = sql(v3a)                       ",FCN_ERROR);
  TestResult(v3d = sqrt(v3d),                      *(v3d.vec),v3Results[0],sizeof(vec3),  "v3d = sqrt(v3d)                      ",FCN_ERROR);

  TestResult(v3d = normalize(v3a),                 *(v3d.vec),v3Results[48],sizeof(vec3),  "v3d = normalize(v3a)                 ",FCN_ERROR);
  TestResult(fr = dot(v3a,v3b),                    fr,         fResults[2],sizeof(float), "fr = dot(v3a,v3b)                    ",FCN_ERROR);
  TestResult(fr = length(v3a),                     fr,         fResults[3],sizeof(float), "fr = length(v3a)                     ",FCN_ERROR);

  vec3 vec3r;

  TestResult(vec3r = *(v3a.vec) + 2.0,             vec3r,     v3Results[1],sizeof(vec3),  "vec3r = *(v3a.vec) + 2.0             ",FCN_ERROR);
  v3d = v3a + 2.0;
